Afu5g14910_cgnA	scf_000006_A_fumigatus_A1163	96.81	501	16	0	580	80	1974637	1975137	2.6e-105	381.4
Afu5g14910_cgnA	AFIS1435CDC_6.scaffold_67	96.75	492	16	0	580	89	74136	74627	2.1e-184	644.1
Afu5g14910_cgnA	AFIS1435CDC_6.scaffold_133	60.39	361	135	8	361	7	20075	20433	3.8e-30	131.7
Afu5g14910_cgnA	AF_0667.scaffold_23	63.83	141	50	1	33	172	370272	370412	8.2e-11	67.4
Afu5g14910_cgnA	AF_12.scaffold_2	81.29	556	103	97	26	580	297927	298482	4.6e-168	589.9
Afu5g14910_cgnA	AF_12.scaffold_2	100.00	88	0	0	1	88	297839	297926	5.6e-28	124.5
Afu5g14910_cgnA	AF_12.scaffold_10	54.30	186	84	46	60	244	37097	37282	2.7e-15	82.4
Afu5g14910_cgnA	AF_12.scaffold_2	77.89	95	14	7	178	271	300580	300668	3.9e-12	71.9
Afu5g14910_cgnA	AF_1200.scaffold_15	63.83	141	50	1	172	33	207618	207758	8.2e-11	67.4
Afu5g14910_cgnA	AF_13_14.scaffold_21	63.83	141	50	1	172	33	70703	70843	8.3e-11	67.4
Afu5g14910_cgnA	AF_18.scaffold_25	75.58	86	21	0	145	60	354578	354663	2.1e-11	69.4
Afu5g14910_cgnA	AF_1869.scaffold_23	63.83	141	50	1	172	33	41441	41581	8.2e-11	67.4
Afu5g14910_cgnA	AFXL01000350.1	62.25	249	86	8	378	134	4907	5151	1.5e-17	89.9
Afu5g14910_cgnA	AFXL01000192.1	62.89	159	58	1	33	190	8958	9116	1.5e-11	69.9
Afu5g14910_cgnA	AFXM01000334.1	59.86	289	110	6	288	4	4480	4766	1e-22	107.0
Afu5g14910_cgnA	AFXM01000147.1	63.69	168	60	1	33	199	76065	76232	8.4e-14	77.4
Afu5g14910_cgnA	JHOI01000217.1	100.00	348	0	0	233	580	1	348	2.1e-136	484.6
Afu5g14910_cgnA	JHOI01000217.1	77.66	94	16	5	106	199	2446	2534	9.7e-13	73.8
Afu5g14910_cgnA	JHOI01000386.1	98.64	220	3	0	220	1	1	220	8.8e-81	299.8
Afu5g14910_cgnA	B5258CDC_22.scaffold_42	62.54	283	102	4	32	314	19361	19639	2.1e-26	119.2
Afu5g14910_cgnA	B52_23.scaffold_26	75.58	86	21	0	145	60	354831	354916	2.1e-11	69.4
Afu5g14910_cgnA	B52_24.scaffold_68	62.00	300	107	7	58	357	140015	140307	8e-29	127.3
Afu5g14910_cgnA	B52_25.scaffold_31	90.44	565	44	44	580	26	24900	25464	4.4e-193	673.0
Afu5g14910_cgnA	B52_25.scaffold_31	100.00	97	0	0	97	1	25465	25561	9.8e-32	137.0
Afu5g14910_cgnA	B52_28.scaffold_41	62.54	283	102	4	32	314	19329	19607	2.1e-26	119.2
Afu5g14910_cgnA	B5960CDC_29.scaffold_19	61.08	185	66	6	7	190	339239	339418	8.3e-11	67.4
Afu5g14910_cgnA	B6894CDC_5.scaffold_47	62.89	159	58	1	190	33	6898	7056	1.2e-11	70.2
Afu5g14910_cgnA	B68_3.scaffold_130	59.29	339	130	8	30	367	6242	6573	3.8e-24	111.7
Afu5g14910_cgnA	B6_CDC_4.scaffold_18	62.89	159	58	1	33	190	341224	341382	1.2e-11	70.2
Afu5g14910_cgnA	B72_15.scaffold_24	62.00	300	107	7	58	357	345705	345997	8e-29	127.3
Afu5g14910_cgnA	B72_15.scaffold_48	61.93	176	61	6	7	181	227109	227279	8.2e-11	67.4
Afu5g14910_cgnA	B7594CDC_27.scaffold_28	61.67	180	64	5	181	7	6892	7071	8.3e-11	67.4
Afu5g14910_cgnA	B75_26.scaffold_69	61.67	300	108	7	58	357	132716	133008	4.6e-28	124.8
Afu5g14910_cgnA	B7_CDC_7.scaffold_6	54.30	186	84	46	244	60	255657	255842	2.6e-15	82.4
Afu5g14910_cgnA	B7_CDC_7.scaffold_22	62.89	159	58	1	190	33	87270	87428	1.2e-11	70.2
Afu5g14910_cgnA	COH1192.scaffold_21	65.15	132	45	1	181	51	64802	64933	8.1e-11	67.4
Afu5g14910_cgnA	COH400.scaffold_17	60.34	179	70	1	4	181	378275	378453	1.2e-11	70.2
Afu5g14910_cgnA	COH400.scaffold_16	75.58	86	21	0	145	60	356745	356830	2.2e-11	69.4
Afu5g14910_cgnA	COH694.scaffold_36	61.08	185	66	6	7	190	255645	255824	8.2e-11	67.4
Afu5g14910_cgnA	COH880.scaffold_68	96.61	501	17	0	580	80	74145	74645	2e-187	654.1
Afu5g14910_cgnA	COH880.scaffold_288	61.13	265	101	2	357	95	1148	1412	1.7e-22	106.2
Afu5g14910_cgnA	COH880.scaffold_20	61.08	185	66	6	190	7	6900	7079	8.1e-11	67.4
Afu5g14910_cgnA	COH885.scaffold_16	61.08	185	66	6	190	7	6880	7059	8.5e-11	67.4
Afu5g14910_cgnA	COH913.scaffold_12	61.62	185	65	6	7	190	297944	298123	1.5e-11	69.9
Afu5g14910_cgnA	COH934.scaffold_34	61.08	185	66	6	7	190	155534	155713	8.5e-11	67.4
Afu5g14910_cgnA	DRR022925.scaffold_93	97.11	519	15	0	580	62	21259	21777	2e-196	684.0
Afu5g14910_cgnA	DRR022925.scaffold_146	61.57	281	104	4	378	102	12261	12541	2.2e-23	109.2
Afu5g14910_cgnA	DRR022925.scaffold_45	62.78	180	62	5	181	7	47460	47639	8.4e-12	70.8
Afu5g14910_cgnA	DRR022926.scaffold_97	97.11	519	15	0	580	62	21259	21777	2.1e-196	684.0
Afu5g14910_cgnA	DRR022926.scaffold_149	61.57	281	104	4	378	102	12378	12658	2.2e-23	109.2
Afu5g14910_cgnA	DRR022926.scaffold_25	62.78	180	62	5	7	181	331522	331701	8.5e-12	70.7
Afu5g14910_cgnA	DRR022927.scaffold_125	97.11	519	15	0	580	62	21259	21777	2.1e-196	684.0
Afu5g14910_cgnA	DRR022927.scaffold_90	62.78	180	62	5	7	181	62767	62946	5.8e-13	74.6
Afu5g14910_cgnA	ERR769498.scaffold_41	88.66	582	56	47	9	580	37149	37730	2e-190	664.1
Afu5g14910_cgnA	ERR769498.scaffold_41	77.66	94	16	5	106	199	39828	39916	1e-12	73.8
Afu5g14910_cgnA	ERR769501.scaffold_113	62.54	283	102	4	314	32	23979	24257	1e-27	123.7
Afu5g14910_cgnA	ERR769504.scaffold_83	88.50	565	55	50	580	26	31836	32400	1.4e-185	648.0
Afu5g14910_cgnA	ERR769504.scaffold_83	100.00	70	0	0	70	1	32401	32470	1.8e-20	99.6
Afu5g14910_cgnA	ERR769504.scaffold_83	80.77	78	11	4	181	104	29650	29723	1.5e-11	69.9
Afu5g14910_cgnA	ERR769511.scaffold_45	62.54	283	102	4	314	32	232238	232516	2.1e-26	119.2
Afu5g14910_cgnA	NKHT01000156.1	59.77	353	129	13	378	35	9169	9517	5.8e-24	111.2
Afu5g14910_cgnA	NKHS01000403.1	62.00	300	107	7	58	357	4742	5034	8.1e-29	127.3
Afu5g14910_cgnA	NKHS01000211.1	62.89	159	58	1	190	33	6768	6926	1.2e-11	70.2
Afu5g14910_cgnA	LWRU01000008.1	61.67	180	64	5	181	7	41452	41631	8.2e-11	67.4
Afu5g14910_cgnA	IFM_55369.scaffold_1	98.13	589	2	9	1	580	363204	363792	1.6e-215	747.5
Afu5g14910_cgnA	IFM_55369.scaffold_1	77.66	94	16	5	106	199	365890	365978	9.8e-13	73.8
Afu5g14910_cgnA	IFM_55369.scaffold_521	56.31	293	119	9	66	357	58	342	2.1e-15	82.7
Afu5g14910_cgnA	IFM_55369.scaffold_521	57.36	258	102	8	7	259	382	636	2.6e-11	69.1
Afu5g14910_cgnA	IFM_58026.scaffold_526	60.11	188	74	1	190	4	5356	5543	1.4e-11	69.9
Afu5g14910_cgnA	IFM_59056.scaffold_270	71.19	118	34	0	160	43	1	118	3.1e-14	78.8
Afu5g14910_cgnA	IFM_59056.scaffold_33	73.91	92	24	0	54	145	1	92	1.2e-11	70.2
Afu5g14910_cgnA	IFM_59073.scaffold_472	56.31	293	119	9	66	357	1840	2124	2.1e-15	82.7
Afu5g14910_cgnA	IFM_59073.scaffold_677	56.63	249	106	2	357	111	201	449	4.4e-12	71.6
Afu5g14910_cgnA	IFM_59073.scaffold_34	62.89	159	58	1	190	33	19085	19243	1.2e-11	70.2
Afu5g14910_cgnA	IFM_59355-1.scaffold_5	80.94	556	105	99	580	26	124769	125324	4.5e-167	586.5
Afu5g14910_cgnA	IFM_59355-1.scaffold_5	100.00	88	0	0	88	1	125325	125412	5.5e-28	124.5
Afu5g14910_cgnA	IFM_59355-2.scaffold_1	80.76	556	106	97	26	580	363170	363725	8e-166	582.4
Afu5g14910_cgnA	IFM_59355-2.scaffold_1	100.00	88	0	0	1	88	363082	363169	5.5e-28	124.5
Afu5g14910_cgnA	IFM_59355-2.scaffold_1	77.66	94	16	5	106	199	365823	365911	1e-12	73.8
Afu5g14910_cgnA	IFM_59356-1.scaffold_6	81.12	556	104	98	580	26	130404	130959	1.4e-167	588.2
Afu5g14910_cgnA	IFM_59356-1.scaffold_6	100.00	88	0	0	88	1	130960	131047	5.5e-28	124.5
Afu5g14910_cgnA	IFM_59356-2.scaffold_795	100.00	378	0	0	203	580	1	378	6.9e-149	526.1
Afu5g14910_cgnA	IFM_59356-2.scaffold_795	77.66	94	16	5	106	199	2476	2564	1e-12	73.8
Afu5g14910_cgnA	IFM_59356-2.scaffold_1030	100.00	97	0	0	97	1	1	97	9.7e-32	137.0
Afu5g14910_cgnA	IFM_59356-2.scaffold_1036	55.52	290	127	2	84	371	951	1240	4.6e-12	71.6
Afu5g14910_cgnA	IFM_59356-3.scaffold_21	89.93	556	55	46	26	580	142593	143148	2.4e-191	667.1
Afu5g14910_cgnA	IFM_59356-3.scaffold_21	100.00	88	0	0	1	88	142505	142592	5.4e-28	124.5
Afu5g14910_cgnA	IFM_59356-3.scaffold_21	77.66	94	16	5	106	199	145246	145334	9.8e-13	73.8
Afu5g14910_cgnA	IFM_59356-3.scaffold_664	56.31	293	119	9	357	66	979	1263	2.1e-15	82.7
Afu5g14910_cgnA	IFM_59356-3.scaffold_664	57.36	258	102	8	259	7	685	939	2.6e-11	69.1
Afu5g14910_cgnA	IFM_59356-3.scaffold_899	56.23	265	114	2	371	109	167	431	7.9e-12	70.8
Afu5g14910_cgnA	IFM_59359.scaffold_859	100.00	391	0	0	190	580	1	391	2.6e-154	544.1
Afu5g14910_cgnA	IFM_59359.scaffold_859	77.89	95	14	7	187	280	2489	2577	3.9e-12	71.9
Afu5g14910_cgnA	IFM_59359.scaffold_170	99.31	145	1	0	145	1	2	146	5.4e-51	200.9
Afu5g14910_cgnA	IFM_59359.scaffold_873	56.31	293	119	9	66	357	58	342	2.2e-15	82.7
Afu5g14910_cgnA	IFM_59359.scaffold_873	57.36	258	102	8	7	259	382	636	2.6e-11	69.1
Afu5g14910_cgnA	IFM_59361.scaffold_93	97.11	519	15	0	62	580	87408	87926	2.1e-196	684.0
Afu5g14910_cgnA	IFM_59361.scaffold_93	77.66	94	16	5	106	199	90024	90112	1e-12	73.8
Afu5g14910_cgnA	IFM_59361.scaffold_62	62.78	180	62	5	181	7	6960	7139	8.4e-12	70.8
Afu5g14910_cgnA	IFM_60514.scaffold_349	62.00	300	107	7	357	58	7465	7757	8e-29	127.3
Afu5g14910_cgnA	IFM_60514.scaffold_13	60.11	188	74	1	190	4	2126	2313	1.4e-11	69.9
Afu5g14910_cgnA	IFM_60514.scaffold_593	58.30	235	92	6	357	125	160	390	9.5e-11	67.2
Afu5g14910_cgnA	IFM_61118.scaffold_357	62.89	159	58	1	190	33	18612	18770	1.2e-11	70.2
Afu5g14910_cgnA	IFM_61407.scaffold_411	62.00	300	107	7	58	357	4035	4327	8.1e-29	127.3
Afu5g14910_cgnA	IFM_61407.scaffold_871	66.41	131	44	0	181	51	1	131	3.9e-12	71.9
Afu5g14910_cgnA	IFM_61407.scaffold_723	60.34	179	70	1	181	4	2126	2304	1.2e-11	70.2
Afu5g14910_cgnA	IFM_61578.scaffold_202	92.78	554	40	0	580	27	23972	24525	2.9e-192	670.2
Afu5g14910_cgnA	IFM_61578.scaffold_202	76.60	94	17	5	190	97	21788	21876	5.5e-12	71.3
Afu5g14910_cgnA	IFM_61610.scaffold_2	60.34	179	70	1	181	4	41394	41572	8.1e-11	67.4
Afu5g14910_cgnA	IFM_62516.scaffold_273	100.00	428	0	0	153	580	1	428	9.6e-170	595.4
Afu5g14910_cgnA	IFM_62516.scaffold_273	77.66	94	16	5	106	199	2526	2614	9.9e-13	73.8
Afu5g14910_cgnA	IFM_62516.scaffold_224	99.23	261	2	0	1	261	43250	43510	1.3e-98	359.1
Afu5g14910_cgnA	IFM_62516.scaffold_706	56.31	293	119	9	357	66	762	1046	2.1e-15	82.7
Afu5g14910_cgnA	IFM_62516.scaffold_706	57.36	258	102	8	259	7	468	722	2.6e-11	69.1
Afu5g14910_cgnA	Mo_3_1_1.scaffold_2	57.30	274	113	24	337	67	42938	43210	1e-19	97.1
Afu5g14910_cgnA	Oryx_1.scaffold_11	62.89	159	58	1	33	190	418402	418560	1.2e-11	70.2
Afu5g14910_cgnA	S84_NIH.scaffold_15	61.08	185	66	6	190	7	6904	7083	8.1e-11	67.4
Afu5g14910_cgnA	SRR068950.scaffold_41	89.03	556	60	50	26	580	237925	238480	1.4e-188	658.0
Afu5g14910_cgnA	SRR068950.scaffold_41	100.00	61	0	0	1	61	237864	237924	1e-16	87.1
Afu5g14910_cgnA	SRR068950.scaffold_41	77.66	94	16	5	106	199	240578	240666	1e-12	73.8
Afu5g14910_cgnA	SRR068950.scaffold_281	60.85	258	99	2	102	357	945	1202	4.7e-21	101.5
Afu5g14910_cgnA	SRR5676586.scaffold_106	62.54	283	102	4	314	32	30369	30647	2.1e-26	119.2
Afu5g14910_cgnA	SRR5676588.scaffold_178	57.89	266	110	2	357	94	324	589	3.8e-16	85.2
Afu5g14910_cgnA	SRR5676588.scaffold_178	57.36	258	102	8	259	7	30	284	2.6e-11	69.1
Afu5g14910_cgnA	SRR5676589.scaffold_157	57.89	266	110	2	357	94	890	1155	3.8e-16	85.2
Afu5g14910_cgnA	SRR5676589.scaffold_157	57.36	258	102	8	259	7	596	850	2.6e-11	69.1
Afu5g14910_cgnA	SRR5676593.scaffold_163	57.89	266	110	2	357	94	890	1155	3.8e-16	85.2
Afu5g14910_cgnA	SRR5676593.scaffold_163	57.36	258	102	8	259	7	596	850	2.6e-11	69.1
Afu5g14910_cgnA	SRR617721.scaffold_19	60.34	179	70	1	181	4	207479	207657	8.1e-11	67.4
Afu5g14910_cgnA	SRR617722.scaffold_140	59.65	342	133	5	30	367	5931	6271	2.5e-26	118.9
Afu5g14910_cgnA	SRR617723.scaffold_173	62.54	283	102	4	314	32	9402	9680	9.9e-28	123.7
Afu5g14910_cgnA	SRR617726.scaffold_179	62.54	283	102	4	314	32	9402	9680	9.9e-28	123.7
Afu5g14910_cgnA	SRR617727.scaffold_20	58.12	351	134	13	35	376	317007	317353	3.2e-19	95.4
Afu5g14910_cgnA	SRR617728.scaffold_186	62.54	283	102	4	32	314	5488	5766	9.9e-28	123.7
Afu5g14910_cgnA	SRR617730.scaffold_179	62.54	283	102	4	314	32	9402	9680	9.9e-28	123.7
Afu5g14910_cgnA	SRR617732.scaffold_5	61.67	180	64	5	181	7	509513	509692	8.2e-11	67.4
Afu5g14910_cgnA	SRR617739.scaffold_14	61.67	180	64	5	7	181	299811	299990	8.2e-11	67.4
Afu5g14910_cgnA	SRR617740.scaffold_13	61.67	180	64	5	181	7	129575	129754	8.2e-11	67.4
Afu5g14910_cgnA	SRR617744.scaffold_187	57.82	275	107	9	357	84	330	596	6.8e-17	87.7
Afu5g14910_cgnA	SRR617744.scaffold_157	64.06	192	62	7	367	179	647	834	1.5e-14	79.9
Afu5g14910_cgnA	SRR617744.scaffold_118	58.21	280	109	8	17	295	18675	18947	3.2e-13	75.5
Afu5g14910_cgnA	SRR617744.scaffold_118	61.29	217	71	13	226	440	5202	5407	1e-13	77.1
Afu5g14910_cgnA	SRR617744.scaffold_173	62.63	190	65	6	170	357	2150	2335	2.6e-12	72.4
Afu5g14910_cgnA	SRR7418931.scaffold_308	100.00	369	0	0	580	212	25499	25867	3.9e-145	513.7
Afu5g14910_cgnA	SRR7418931.scaffold_246	98.21	223	4	0	223	1	1	223	2.9e-81	301.5
Afu5g14910_cgnA	SRR7418931.scaffold_10	61.68	167	58	6	7	172	35172	35333	6.8e-11	67.7
Afu5g14910_cgnA	SRR7418932.scaffold_456	99.18	366	3	0	215	580	6718	7083	1.6e-141	502.0
Afu5g14910_cgnA	SRR7418932.scaffold_456	77.66	94	16	5	106	199	9181	9269	1.3e-12	73.8
Afu5g14910_cgnA	SRR7418932.scaffold_1649	60.85	258	99	2	102	357	1140	1397	5.8e-21	101.5
Afu5g14910_cgnA	SRR7418934.scaffold_468	98.40	438	7	0	143	580	2246	2683	1.2e-168	591.8
Afu5g14910_cgnA	SRR7418934.scaffold_468	77.66	94	16	5	106	199	4781	4869	1e-12	73.8
Afu5g14910_cgnA	SRR7418934.scaffold_649	60.85	258	99	2	357	102	596	853	4.7e-21	101.5
Afu5g14910_cgnA	SRR7418935.scaffold_49	97.05	474	14	0	580	107	125743	126216	2.2e-178	624.2
Afu5g14910_cgnA	SRR7418935.scaffold_234	64.32	213	76	0	102	314	814	1026	4.8e-23	108.1
Afu5g14910_cgnA	SRR7418939.scaffold_520	57.83	332	138	2	357	28	6736	7067	1.2e-22	106.8
Afu5g14910_cgnA	SRR7418939.scaffold_571	75.29	85	21	0	60	144	5514	5598	5.7e-11	68.0
Afu5g14910_cgnA	SRR7418940.scaffold_722	98.39	124	2	0	1	124	2476	2599	1.9e-41	169.4
Afu5g14910_cgnA	SRR7418940.scaffold_664	77.89	95	14	7	178	271	1869	1957	4.2e-12	71.9
Afu5g14910_cgnA	SRR7418942.scaffold_513	99.23	392	3	0	580	189	6126	6517	1.8e-152	538.0
Afu5g14910_cgnA	SRR7418942.scaffold_513	76.60	94	17	5	217	124	3940	4028	5.8e-12	71.3
Afu5g14910_cgnA	SRR7418942.scaffold_773	98.56	139	2	0	1	139	1341	1479	9.8e-48	190.1
Afu5g14910_cgnA	SRR7418943.scaffold_656	58.20	244	96	6	116	357	635	874	1.7e-11	69.7
Afu5g14910_cgnA	SRR7418945.scaffold_7	65.15	132	45	1	51	181	236118	236249	8.1e-11	67.4
Afu5g14910_cgnA	SRR7418948.scaffold_611	64.20	162	56	2	347	188	1117	1278	2.5e-13	75.7
Afu5g14910_cgnA	SRR7418949.scaffold_180	75.58	86	21	0	145	60	48018	48103	2.2e-11	69.4
Afu5g14900_hrmA	scf_000006_A_fumigatus_A1163	100.00	1710	0	0	1	1710	1972546	1974255	0	954.6
Afu5g14900_hrmA	AFIS1435CDC_6.scaffold_67	100.00	1710	0	0	1	1710	72045	73754	0	2370.9
Afu5g14900_hrmA	AF_12.scaffold_2	100.00	967	0	0	1710	744	298864	299830	0	1341.8
Afu5g14900_hrmA	AF_12.scaffold_2	100.00	893	0	0	893	1	299681	300573	0	1239.3
Afu5g14900_hrmA	JHOI01000217.1	100.00	1710	0	0	1710	1	730	2439	0	2370.9
Afu5g14900_hrmA	JHOI01000324.1	56.32	435	161	29	1194	1605	15941	16369	1.4e-12	74.8
Afu5g14900_hrmA	B52_25.scaffold_31	100.00	1710	0	0	1	1710	22809	24518	0	2370.9
Afu5g14900_hrmA	B75_30.scaffold_316	60.26	229	89	2	890	1117	266	493	5.4e-16	86.2
Afu5g14900_hrmA	B75_30.scaffold_316	55.85	342	133	18	1194	1520	526	864	4.5e-11	69.9
Afu5g14900_hrmA	B75_30.scaffold_105	56.55	435	160	29	1605	1194	33441	33869	2.6e-13	77.3
Afu5g14900_hrmA	COH880.scaffold_68	100.00	1710	0	0	1	1710	72054	73763	0	2370.9
Afu5g14900_hrmA	DRR022925.scaffold_93	100.00	1710	0	0	1	1710	19168	20877	0	2370.9
Afu5g14900_hrmA	DRR022926.scaffold_97	100.00	1710	0	0	1	1710	19168	20877	0	2370.9
Afu5g14900_hrmA	DRR022927.scaffold_125	100.00	1710	0	0	1	1710	19168	20877	0	2370.9
Afu5g14900_hrmA	ERR769498.scaffold_41	100.00	1710	0	0	1710	1	38112	39821	0	2370.9
Afu5g14900_hrmA	ERR769501.scaffold_108	56.32	435	161	29	1605	1194	15456	15884	1.5e-12	74.8
Afu5g14900_hrmA	ERR769504.scaffold_83	100.00	1710	0	0	1	1710	29745	31454	0	2370.9
Afu5g14900_hrmA	ERR769505.scaffold_18	57.80	327	123	15	1167	1480	424617	424941	3.7e-16	86.7
Afu5g14900_hrmA	ERR769507.scaffold_157	56.32	435	161	29	1194	1605	9160	9588	1.5e-12	74.8
Afu5g14900_hrmA	IFM_55369.scaffold_1	100.00	1710	0	0	1710	1	364174	365883	0	2370.9
Afu5g14900_hrmA	IFM_59355-1.scaffold_5	100.00	1710	0	0	1	1710	122678	124387	0	2370.9
Afu5g14900_hrmA	IFM_59355-2.scaffold_1	100.00	1710	0	0	1710	1	364107	365816	0	2370.9
Afu5g14900_hrmA	IFM_59356-1.scaffold_6	100.00	1710	0	0	1	1710	128313	130022	0	2370.9
Afu5g14900_hrmA	IFM_59356-2.scaffold_795	100.00	1710	0	0	1710	1	760	2469	0	2370.9
Afu5g14900_hrmA	IFM_59356-3.scaffold_21	100.00	1710	0	0	1710	1	143530	145239	0	2370.9
Afu5g14900_hrmA	IFM_59359.scaffold_859	100.00	1710	0	0	1710	1	773	2482	0	2370.9
Afu5g14900_hrmA	IFM_59361.scaffold_93	100.00	1710	0	0	1710	1	88308	90017	0	2370.9
Afu5g14900_hrmA	IFM_61407.scaffold_860	54.94	435	169	27	1194	1606	2445	2874	6.6e-11	69.3
Afu5g14900_hrmA	IFM_61578.scaffold_202	97.13	1710	47	2	1	1710	21883	23590	0	2245.4
Afu5g14900_hrmA	IFM_62516.scaffold_273	100.00	1710	0	0	1710	1	810	2519	0	2370.9
Afu5g14900_hrmA	SRR068950.scaffold_41	100.00	1710	0	0	1710	1	238862	240571	0	2370.9
Afu5g14900_hrmA	SRR068950.scaffold_225	57.80	327	123	15	1167	1480	2790	3114	3.8e-16	86.8
Afu5g14900_hrmA	SRR068950.scaffold_225	56.01	341	134	16	791	1118	2452	2789	2.1e-12	74.3
Afu5g14900_hrmA	SRR068950.scaffold_225	54.13	375	152	20	32	395	1665	2030	4.6e-11	69.9
Afu5g14900_hrmA	SRR7418923.scaffold_549	58.97	290	108	11	1194	1473	1001	1289	2e-12	74.3
Afu5g14900_hrmA	SRR7418924.scaffold_296	56.32	435	161	29	1605	1194	3059	3487	1.4e-12	74.8
Afu5g14900_hrmA	SRR7418925.scaffold_248	56.32	435	161	29	1194	1605	31447	31875	1.4e-12	74.8
Afu5g14900_hrmA	SRR7418926.scaffold_281	56.32	435	161	29	1194	1605	31428	31856	1.4e-12	74.8
Afu5g14900_hrmA	SRR7418929.scaffold_267	56.32	435	161	29	1194	1605	31592	32020	1.4e-12	74.8
Afu5g14900_hrmA	SRR7418930.scaffold_297	56.32	435	161	29	1194	1605	24895	25323	1.4e-12	74.8
Afu5g14900_hrmA	SRR7418931.scaffold_308	100.00	1710	0	0	1	1710	23408	25117	0	2370.9
Afu5g14900_hrmA	SRR7418932.scaffold_456	100.00	1710	0	0	1710	1	7465	9174	0	2370.9
Afu5g14900_hrmA	SRR7418932.scaffold_215	57.80	327	123	15	1167	1480	3075	3399	4.7e-16	86.7
Afu5g14900_hrmA	SRR7418932.scaffold_1893	56.32	435	161	29	1194	1605	1172	1600	1.8e-12	74.9
Afu5g14900_hrmA	SRR7418933.scaffold_31	56.32	435	161	29	1194	1605	182327	182755	1.4e-12	74.8
Afu5g14900_hrmA	SRR7418934.scaffold_468	100.00	1710	0	0	1710	1	3065	4774	0	2370.9
Afu5g14900_hrmA	SRR7418934.scaffold_555	57.80	327	123	15	1480	1167	1419	1743	3.8e-16	86.8
Afu5g14900_hrmA	SRR7418934.scaffold_555	56.01	341	134	16	1118	791	1744	2081	2.1e-12	74.3
Afu5g14900_hrmA	SRR7418934.scaffold_555	54.13	375	152	20	395	32	2503	2868	4.6e-11	69.9
Afu5g14900_hrmA	SRR7418934.scaffold_257	56.32	435	161	29	1605	1194	33431	33859	1.5e-12	74.8
Afu5g14900_hrmA	SRR7418935.scaffold_49	100.00	1710	0	0	1	1710	123652	125361	0	2370.9
Afu5g14900_hrmA	SRR7418940.scaffold_664	100.00	1710	0	0	1710	1	153	1862	0	2370.9
Afu5g14900_hrmA	SRR7418940.scaffold_508	56.55	435	160	29	1605	1194	8574	9002	4e-16	86.7
Afu5g14900_hrmA	SRR7418942.scaffold_513	100.00	1710	0	0	1	1710	4035	5744	0	2370.9
Afu5g14900_hrmA	SRR7418942.scaffold_412	57.80	327	123	15	1167	1480	8165	8489	3.8e-16	86.7
Afu5g14900_hrmA	SRR7418948.scaffold_289	56.32	435	161	29	1194	1605	24316	24744	1.4e-12	74.8
