Afu5g14910_cgnA	08-12-12-13.scaffold_12	69.05	84	23	3	145	65	536297	536380	8.2e-06	50.8
Afu8g06780_aclF	08-12-12-13.scaffold_34	99.81	1080	2	0	1080	1	140364	141443	0	1493.4
//
Afu8g06780_aclF	08-19-02-10.scaffold_21	99.81	1080	2	0	1080	1	241127	242206	0	1493.4
//
Afu8g06780_aclF	08-19-02-30.scaffold_6	90.38	686	57	9	1	686	105817	106493	0	775.7
Afu8g06780_aclF	08-19-02-30.scaffold_6	96.46	367	1	12	714	1080	106494	106848	2.9e-133	475.1
//
Afu8g06780_aclF	08-19-02-46.scaffold_42	99.72	1080	3	0	1080	1	138794	139873	0	1490.9
//
Afu8g06780_aclF	08-19-02-61.scaffold_20	99.72	1080	3	0	1080	1	250523	251602	0	1490.9
Afu5g14910_cgnA	08-19-02-61.scaffold_51	69.05	84	23	3	65	145	136595	136678	8.3e-06	50.8
//
Afu5g14910_cgnA	08-31-08-91.scaffold_10	69.05	84	23	3	145	65	546261	546344	8.3e-06	50.8
Afu8g06780_aclF	08-31-08-91.scaffold_29	100.00	1080	0	0	1080	1	306700	307779	0	1498.3
//
Afu8g06780_aclF	08-36-03-25.scaffold_34	99.81	1080	2	0	1	1080	175779	176858	0	1493.4
Afu5g14910_cgnA	08-36-03-25.scaffold_7	69.05	84	23	3	145	65	536025	536108	8.5e-06	50.8
//
Afu5g14910_cgnA	09-7500806.scaffold_163	61.75	285	105	4	281	1	704	988	1.8e-24	112.8
Afu8g06780_aclF	09-7500806.scaffold_23	90.52	686	56	9	1	686	33926	34602	0	778.2
Afu8g06780_aclF	09-7500806.scaffold_23	96.46	367	1	12	714	1080	34603	34957	2.9e-133	475.1
//
Afu8g06780_aclF	10-01-02-27.scaffold_33	99.81	1080	2	0	1080	1	142017	143096	0	1493.4
Afu5g14910_cgnA	10-01-02-27.scaffold_45	62.54	283	102	4	314	32	232238	232516	2.1e-26	119.2
//
Afu8g06780_aclF	117535A-1.1.scaffold_57	99.91	1080	1	0	1	1080	34966	36045	0	1495.9
Afu5g14910_cgnA	117535A-1.1.scaffold_8	50.88	285	129	53	7	287	608715	608992	1.5e-10	66.6
Afu5g14910_cgnA	117535A-1.1.scaffold_9	58.97	351	135	9	30	378	585026	585369	4.6e-06	51.6
Afu5g14910_cgnA	117535A-1.1.scaffold_9	60.23	176	59	11	197	372	580090	580254	6.8e-07	54.4
//
Afu8g06780_aclF	12-7504462.scaffold_45	90.52	686	56	9	1	686	177329	178005	0	778.2
Afu8g06780_aclF	12-7504462.scaffold_45	96.46	367	1	12	714	1080	178006	178360	2.9e-133	475.1
Afu5g14900_hrmA	12-7504462.scaffold_83	100.00	1710	0	0	1	1710	29745	31454	0	1496.1
Afu5g14910_cgnA	12-7504462.scaffold_83	100.00	302	0	0	580	279	31836	32137	3.7e-43	174.9
Afu5g14910_cgnA	12-7504462.scaffold_83	76.60	94	17	5	217	124	29650	29738	5.8e-12	71.3
Afu5g14910_cgnA	12-7504462.scaffold_83	81.38	333	52	50	323	1	32138	32470	2.4e-91	335.0
//
Afu8g06780_aclF	12-7504652.scaffold_29	99.81	1080	2	0	1080	1	157290	158369	0	1493.4
Afu5g14910_cgnA	12-7504652.scaffold_9	69.05	84	23	3	65	145	205495	205578	8.2e-06	50.8
//
Afu8g06780_aclF	12-7505054.scaffold_33	99.81	1080	2	0	1	1080	180556	181635	0	1493.4
//
Afu5g14910_cgnA	12-7505220.scaffold_113	62.54	283	102	4	314	32	23979	24257	1e-27	123.7
Afu8g06780_aclF	12-7505220.scaffold_19	99.81	1080	2	0	1080	1	277972	279051	0	1493.4
//
Afu8g06780_aclF	12-7505446.scaffold_23	99.81	1080	2	0	1080	1	243133	244212	0	1493.4
//
Afu8g06780_aclF	1F1SW_F4.scaffold_10	99.91	1080	1	0	1080	1	548438	549517	0	1495.9
Afu5g14910_cgnA	1F1SW_F4.scaffold_19	66.67	114	37	1	163	51	129572	129685	2.6e-09	62.4
//
Afu5g14910_cgnA	84-NIH.scaffold_15	61.08	185	66	6	190	7	6904	7083	8.1e-11	67.4
Afu8g06780_aclF	84-NIH.scaffold_52	99.91	1080	1	0	1	1080	34971	36050	0	1495.9
//
Afu8g06780_aclF	A1159-T0-2.scaffold_28	99.81	1080	2	0	1080	1	157289	158368	0	1493.4
Afu5g14910_cgnA	A1159-T0-2.scaffold_5	69.05	84	23	3	65	145	205585	205668	8.1e-06	50.8
//
Afu8g06780_aclF	A1159.scaffold_30	99.81	1080	2	0	1	1080	169945	171024	0	1493.4
Afu5g14910_cgnA	A1159.scaffold_39	69.05	84	23	3	65	145	205489	205572	8.1e-06	50.8
//
Afu8g06780_aclF	A1163.scf_000002_A_fumigatus_A1163	67.21	61	20	0	767	707	3509129	3509189	2.7e-06	53.4
Afu5g14910_cgnA	A1163.scf_000003_A_fumigatus_A1163	62.89	159	58	1	190	33	3123268	3123426	6.2e-13	74.5
Afu5g14900_hrmA	A1163.scf_000006_A_fumigatus_A1163	100.00	1710	0	0	1	1710	1972546	1974255	0	1371.0
Afu5g14910_cgnA	A1163.scf_000006_A_fumigatus_A1163	80.77	78	11	4	181	104	1972451	1972524	7.3e-13	74.3
Afu5g14910_cgnA	A1163.scf_000006_A_fumigatus_A1163	96.81	501	16	0	580	80	1974637	1975137	7.6e-102	369.9
Afu8g06780_aclF	A1163.scf_000007_A_fumigatus_A1163	90.52	686	56	9	1	686	370522	371198	0	906.3
Afu8g06780_aclF	A1163.scf_000007_A_fumigatus_A1163	96.46	367	1	12	714	1080	371199	371553	4.8e-158	557.5
Afu8g06780_aclF	A1163.scf_000010_A_fumigatus_A1163	70.18	57	14	3	825	881	252215	252268	8.1e-06	51.8
//
Afu8g06780_aclF	AF210.scaffold_175	99.91	1080	1	0	1080	1	10010	11089	0	1495.9
Afu5g14910_cgnA	AF210.scaffold_768	59.90	207	79	4	209	7	1879	2085	2.6e-14	79.1
//
Afu5g14910_cgnA	AF293-VKBR1.scaffold_11	61.74	149	51	6	7	154	70199	70342	1.2e-08	60.2
Afu8g06780_aclF	AF293-VKBR1.scaffold_111	100.00	453	0	0	628	1080	1	453	7.1e-180	630.0
Afu5g14900_hrmA	AF293-VKBR1.scaffold_173	100.00	1710	0	0	1710	1	22282	23991	0	1496.1
Afu5g14910_cgnA	AF293-VKBR1.scaffold_173	100.00	104	0	0	477	580	21797	21900	1.2e-34	146.6
Afu5g14910_cgnA	AF293-VKBR1.scaffold_173	71.76	510	115	72	1	496	21302	21796	6.2e-91	333.6
Afu5g14910_cgnA	AF293-VKBR1.scaffold_173	77.66	94	16	5	106	199	23998	24086	1e-12	73.8
Afu8g06780_aclF	AF293-VKBR1.scaffold_41	100.00	588	0	0	588	1	1	588	0	816.9
//
Afu5g14910_cgnA	AF293-VKBR3.scaffold_13	61.74	149	51	6	154	7	223494	223637	1.2e-08	60.2
Afu5g14900_hrmA	AF293-VKBR3.scaffold_161	100.00	1710	0	0	1	1710	27287	28996	0	1496.1
Afu5g14910_cgnA	AF293-VKBR3.scaffold_161	100.00	104	0	0	580	477	29378	29481	1.2e-34	146.6
Afu5g14910_cgnA	AF293-VKBR3.scaffold_161	71.76	510	115	72	496	1	29482	29976	6.1e-91	333.6
Afu5g14910_cgnA	AF293-VKBR3.scaffold_161	80.77	78	11	4	181	104	27192	27265	1.5e-11	69.9
Afu8g06780_aclF	AF293-VKBR3.scaffold_163	100.00	446	0	0	1080	635	50410	50855	5.9e-177	620.3
Afu5g14910_cgnA	AF293-VKBR3.scaffold_339	67.27	110	32	4	144	249	1229	1338	4.7e-06	51.6
Afu8g06780_aclF	AF293-VKBR3.scaffold_46	100.00	548	0	0	1	548	173053	173600	1.8e-219	761.5
//
Afu5g14910_cgnA	AF293-VKWH2.scaffold_11	61.74	149	51	6	154	7	185126	185269	1.2e-08	60.2
Afu8g06780_aclF	AF293-VKWH2.scaffold_184	100.00	398	0	0	683	1080	1	398	6e-157	553.8
Afu5g14900_hrmA	AF293-VKWH2.scaffold_234	100.00	1710	0	0	1	1710	27268	28977	0	1496.1
Afu5g14910_cgnA	AF293-VKWH2.scaffold_234	100.00	104	0	0	580	477	29359	29462	1.2e-34	146.6
Afu5g14910_cgnA	AF293-VKWH2.scaffold_234	70.00	510	124	81	496	1	29463	29957	1.9e-86	318.7
Afu5g14910_cgnA	AF293-VKWH2.scaffold_234	80.77	78	11	4	181	104	27173	27246	1.5e-11	69.9
Afu8g06780_aclF	AF293-VKWH2.scaffold_94	100.00	551	0	0	551	1	1	551	9.8e-221	765.7
//
Afu5g14910_cgnA	AF293.scaffold_10	61.68	167	58	6	7	172	35172	35333	6.8e-11	67.7
Afu8g06780_aclF	AF293.scaffold_20	100.00	1080	0	0	1	1080	33980	35059	0	1498.4
Afu5g14910_cgnA	AF293.scaffold_246	98.21	223	4	0	223	1	1	223	2.9e-81	301.5
Afu5g14900_hrmA	AF293.scaffold_308	100.00	1710	0	0	1	1710	23408	25117	0	1496.1
Afu5g14910_cgnA	AF293.scaffold_308	100.00	369	0	0	580	212	25499	25867	4.3e-71	267.7
Afu5g14910_cgnA	AF293.scaffold_308	80.77	78	11	4	181	104	23313	23386	1.5e-11	69.9
Afu5g14910_cgnA	AF293.scaffold_56	67.29	107	32	3	177	74	4302	4408	1.8e-06	53.0
//
Afu8g06780_aclF	AF300.scaffold_262	99.77	433	1	0	648	1080	1	433	8.7e-171	599.8
Afu8g06780_aclF	AF300.scaffold_34	100.00	548	0	0	1	548	176434	176981	1.7e-219	761.5
//
Afu8g06780_aclF	AF41.scaffold_13	99.81	1080	2	0	1	1080	169960	171039	0	1493.4
Afu5g14910_cgnA	AF41.scaffold_15	75.76	66	16	0	80	145	37069	37134	8.1e-07	54.1
Afu5g14910_cgnA	AF41.scaffold_27	63.09	149	49	6	7	154	194272	194415	3.8e-09	61.9
//
Afu5g14910_cgnA	AF72.scaffold_11	69.05	84	23	3	65	145	36950	37033	8.1e-06	50.8
Afu8g06780_aclF	AF72.scaffold_18	99.81	1080	2	0	1	1080	169975	171054	0	1493.4
Afu5g14910_cgnA	AF72.scaffold_19	62.89	159	58	1	190	33	207479	207637	1.2e-11	70.2
//
Afu5g14910_cgnA	AF90.scaffold_140	59.65	342	133	5	30	367	5931	6271	9.8e-25	113.7
Afu8g06780_aclF	AF90.scaffold_16	90.52	686	56	9	686	1	285182	285858	0	778.2
Afu8g06780_aclF	AF90.scaffold_16	96.46	367	1	12	1080	714	284827	285181	2.9e-133	475.1
//
Afu5g14910_cgnA	AFIS_13708_CDC-14.scaffold_21	63.83	141	50	1	172	33	70703	70843	8.3e-11	67.4
Afu8g06780_aclF	AFIS_13708_CDC-14.scaffold_35	90.52	686	56	9	1	686	37562	38238	0	778.2
Afu8g06780_aclF	AFIS_13708_CDC-14.scaffold_35	96.46	367	1	12	714	1080	38239	38593	2.9e-133	475.1
//
Afu5g14910_cgnA	AFIS_2101_CDC-1.scaffold_12	49.30	284	135	61	287	7	6886	7163	1.2e-09	63.6
Afu8g06780_aclF	AFIS_2101_CDC-1.scaffold_26	90.52	686	56	9	1	686	37570	38246	0	778.2
Afu8g06780_aclF	AFIS_2101_CDC-1.scaffold_26	96.46	367	1	12	714	1080	38247	38601	2.9e-133	475.1
//
Afu5g14910_cgnA	AFIS_2302_CDC-18.scaffold_25	75.58	86	21	0	145	60	354578	354663	2.1e-11	69.4
Afu8g06780_aclF	AFIS_2302_CDC-18.scaffold_74	99.91	1080	1	0	1080	1	84986	86065	0	1495.9
//
Afu5g14910_cgnA	AFIS_23107_CDC-12.scaffold_10	54.30	186	84	46	60	244	37097	37282	2.7e-15	82.4
Afu5g14900_hrmA	AFIS_23107_CDC-12.scaffold_2	100.00	893	0	0	893	1	299681	300573	0	1151.2
Afu5g14900_hrmA	AFIS_23107_CDC-12.scaffold_2	100.00	967	0	0	1710	744	298864	299830	1.2e-130	467.1
Afu5g14910_cgnA	AFIS_23107_CDC-12.scaffold_2	100.00	88	0	0	1	88	297839	297926	5.6e-28	124.5
Afu5g14910_cgnA	AFIS_23107_CDC-12.scaffold_2	77.66	94	16	5	106	199	300580	300668	5.8e-12	71.3
Afu5g14910_cgnA	AFIS_23107_CDC-12.scaffold_2	81.29	556	103	97	26	580	297927	298482	5.1e-94	343.9
Afu8g06780_aclF	AFIS_23107_CDC-12.scaffold_50	99.91	1080	1	0	1	1080	55208	56287	0	1495.9
//
Afu5g14910_cgnA	AFUG_031815-1869.scaffold_137	60.23	176	59	11	372	197	12615	12779	4.7e-06	51.6
Afu5g14910_cgnA	AFUG_031815-1869.scaffold_23	63.83	141	50	1	172	33	41441	41581	8.2e-11	67.4
Afu8g06780_aclF	AFUG_031815-1869.scaffold_26	99.91	1080	1	0	1080	1	147952	149031	0	1495.9
//
Afu5g14910_cgnA	AFUG_082015-1200.scaffold_13	60.23	176	59	11	372	197	30090	30254	4.6e-06	51.6
Afu5g14910_cgnA	AFUG_082015-1200.scaffold_15	63.83	141	50	1	172	33	207618	207758	8.2e-11	67.4
Afu8g06780_aclF	AFUG_082015-1200.scaffold_23	99.91	1080	1	0	1080	1	284471	285550	0	1495.9
//
Afu5g14910_cgnA	AFUG_100413-0667.scaffold_23	63.83	141	50	1	33	172	370249	370389	8.2e-11	67.4
Afu5g14910_cgnA	AFUG_100413-0667.scaffold_27	69.05	84	23	3	145	65	314441	314524	8.3e-06	50.8
Afu8g06780_aclF	AFUG_100413-0667.scaffold_9	90.52	686	56	9	1	686	175198	175874	0	778.2
Afu8g06780_aclF	AFUG_100413-0667.scaffold_9	96.46	367	1	12	714	1080	175875	176229	2.9e-133	475.1
//
Afu8g06780_aclF	AP65.scaffold_105	99.78	457	1	0	1080	624	90523	90979	8.4e-181	633.0
Afu8g06780_aclF	AP65.scaffold_61	99.84	614	1	0	1	614	175052	175665	0	850.4
//
Afu8g06780_aclF	ATCC_204305.scaffold_28	90.52	686	56	9	686	1	135391	136067	0	778.2
Afu8g06780_aclF	ATCC_204305.scaffold_28	96.46	367	1	12	1080	714	135036	135390	2.8e-133	475.1
//
Afu5g14910_cgnA	ATCC_46645.scaffold_234	64.32	213	76	0	102	314	814	1026	4.8e-23	108.1
Afu8g06780_aclF	ATCC_46645.scaffold_30	99.91	1080	1	0	1080	1	136881	137960	0	1495.9
Afu5g14910_cgnA	ATCC_46645.scaffold_36	63.89	144	47	5	7	145	43621	43764	3.3e-09	62.2
Afu5g14900_hrmA	ATCC_46645.scaffold_49	100.00	1710	0	0	1	1710	123652	125361	0	1496.1
Afu5g14910_cgnA	ATCC_46645.scaffold_49	75.53	94	18	5	127	34	123557	123645	3.3e-11	68.8
Afu5g14910_cgnA	ATCC_46645.scaffold_49	97.05	474	14	0	580	107	125743	126216	2.4e-104	378.2
//
//
//
Afu5g14910_cgnA	Af10_gbk.AFXL01000026.1	69.05	84	23	3	145	65	181252	181335	8.5e-06	50.8
Afu8g06780_aclF	Af10_gbk.AFXL01000038.1	99.91	1080	1	0	1	1080	58310	59389	0	1495.9
Afu5g14910_cgnA	Af10_gbk.AFXL01000192.1	62.89	159	58	1	33	190	8958	9116	1.5e-11	69.9
//
Afu5g14910_cgnA	Af210_gbk.AFXM01000147.1	65.25	141	48	1	33	172	76092	76232	1.5e-11	69.9
Afu8g06780_aclF	Af210_gbk.AFXM01000327.1	99.91	1080	1	0	1080	1	21530	22609	0	1495.9
Afu5g14910_cgnA	Af210_gbk.AFXM01000334.1	59.86	289	110	6	288	4	4480	4766	1e-22	107.0
//
Afu5g14910_cgnA	Af293.scaffold_19	61.74	149	51	6	154	7	224423	224566	1.2e-08	60.2
Afu8g06780_aclF	Af293.scaffold_36	100.00	1080	0	0	1080	1	146367	147446	0	1498.4
Afu5g14900_hrmA	Af293.scaffold_41	100.00	1710	0	0	1710	1	38112	39821	0	1496.1
Afu5g14910_cgnA	Af293.scaffold_41	100.00	104	0	0	477	580	37627	37730	1.2e-34	146.7
Afu5g14910_cgnA	Af293.scaffold_41	72.75	510	110	66	1	496	37132	37626	3.4e-93	341.1
Afu5g14910_cgnA	Af293.scaffold_41	77.89	95	14	7	169	262	39828	39916	3.8e-12	71.9
//
Afu8g06780_aclF	Af65.scaffold_37	99.91	1080	1	0	1080	1	141635	142714	0	1495.9
//
Afu8g06780_aclF	Afu_124_E11.scaffold_4	99.81	1080	2	0	1	1080	82322	83401	0	1493.4
Afu5g14910_cgnA	Afu_124_E11.scaffold_8	69.05	84	23	3	65	145	203454	203537	8.2e-06	50.8
//
Afu8g06780_aclF	Afu_166_E11.scaffold_16	99.81	1080	2	0	1	1080	82313	83392	0	1493.4
Afu5g14910_cgnA	Afu_166_E11.scaffold_6	69.05	84	23	3	145	65	536552	536635	8.2e-06	50.8
//
Afu5g14910_cgnA	Afu_218_E11.scaffold_14	69.05	84	23	3	65	145	203519	203602	8.2e-06	50.8
Afu8g06780_aclF	Afu_218_E11.scaffold_4	99.81	1080	2	0	1	1080	82322	83401	0	1493.4
//
Afu8g06780_aclF	Afu_257_E11.scaffold_5	99.81	1080	2	0	1	1080	82321	83400	0	1493.4
Afu5g14910_cgnA	Afu_257_E11.scaffold_7	69.05	84	23	3	65	145	203444	203527	8.2e-06	50.8
//
Afu5g14910_cgnA	Afu_343_P_11.scaffold_6	69.05	84	23	3	65	145	145504	145587	8.5e-06	50.8
Afu8g06780_aclF	Afu_343_P_11.scaffold_95	99.81	1080	2	0	1080	1	628	1707	0	1493.4
//
Afu8g06780_aclF	Afu_591_12.scaffold_6	99.81	1080	2	0	1080	1	735159	736238	0	1493.4
Afu5g14910_cgnA	Afu_591_12.scaffold_8	69.05	84	23	3	145	65	536555	536638	8.2e-06	50.8
//
Afu8g06780_aclF	Afu_942_09.scaffold_7	99.81	1080	2	0	1	1080	181180	182259	0	1493.4
Afu5g14910_cgnA	Afu_942_09.scaffold_9	69.05	84	23	3	145	65	513638	513721	8.3e-06	50.8
//
Afu5g14900_hrmA	Afum_niveus_RP2014_gbk.JHOI01000217.1	100.00	1710	0	0	1710	1	730	2439	0	1496.1
Afu5g14910_cgnA	Afum_niveus_RP2014_gbk.JHOI01000217.1	100.00	348	0	0	233	580	1	348	2.4e-62	238.6
Afu5g14910_cgnA	Afum_niveus_RP2014_gbk.JHOI01000217.1	77.89	95	14	7	169	262	2446	2534	3.7e-12	71.9
Afu8g06780_aclF	Afum_niveus_RP2014_gbk.JHOI01000351.1	99.81	533	1	0	533	1	1	533	1.7e-212	738.3
Afu5g14910_cgnA	Afum_niveus_RP2014_gbk.JHOI01000386.1	98.64	220	3	0	220	1	1	220	8.8e-81	299.8
Afu8g06780_aclF	Afum_niveus_RP2014_gbk.JHOI01000540.1	99.77	440	1	0	1080	641	107899	108338	1e-173	609.5
//
Afu5g14910_cgnA	B10540_CDC-20.scaffold_2	63.09	149	49	6	7	154	735087	735230	3.8e-09	61.9
Afu8g06780_aclF	B10540_CDC-20.scaffold_28	99.81	1080	2	0	1	1080	38529	39608	0	1493.4
//
Afu8g06780_aclF	B1821_CDC-8.scaffold_16	99.91	1080	1	0	1	1080	170251	171330	0	1495.9
Afu5g14910_cgnA	B1821_CDC-8.scaffold_36	48.75	240	119	56	287	51	41620	41858	4.8e-09	61.6
Afu5g14910_cgnA	B1821_CDC-8.scaffold_66	72.94	85	23	0	145	61	7318	7402	4e-09	61.9
//
Afu8g06780_aclF	B5224_CDC-21.scaffold_14	90.52	686	56	9	686	1	363319	363995	0	778.2
Afu8g06780_aclF	B5224_CDC-21.scaffold_14	96.46	367	1	12	1080	714	362964	363318	2.9e-133	475.1
//
Afu5g14910_cgnA	B5257_CDC-28.scaffold_15	48.75	240	119	56	287	51	70693	70931	4.7e-09	61.6
Afu8g06780_aclF	B5257_CDC-28.scaffold_38	90.38	686	57	9	1	686	38524	39200	0	775.7
Afu8g06780_aclF	B5257_CDC-28.scaffold_38	96.46	367	1	12	714	1080	39201	39555	2.9e-133	475.1
Afu5g14910_cgnA	B5257_CDC-28.scaffold_41	62.54	283	102	4	32	314	19329	19607	9.9e-28	123.7
//
Afu5g14910_cgnA	B5259_CDC-23.scaffold_26	75.58	86	21	0	145	60	354831	354916	2.1e-11	69.4
Afu8g06780_aclF	B5259_CDC-23.scaffold_45	99.91	1080	1	0	1	1080	178504	179583	0	1495.9
//
Afu8g06780_aclF	B5269_CDC-24.scaffold_49	90.52	686	56	9	686	1	162195	162871	0	778.2
Afu8g06780_aclF	B5269_CDC-24.scaffold_49	96.46	367	1	12	1080	714	161840	162194	2.9e-133	475.1
Afu5g14910_cgnA	B5269_CDC-24.scaffold_68	62.00	300	107	7	58	357	140015	140307	1.7e-27	122.8
Afu5g14910_cgnA	B5269_CDC-24.scaffold_8	72.94	85	23	0	145	61	582355	582439	3.8e-09	61.9
//
Afu8g06780_aclF	B5288_CDC-16.scaffold_32	99.91	1080	1	0	1080	1	145087	146166	0	1495.9
Afu5g14910_cgnA	B5288_CDC-16.scaffold_69	67.62	105	33	1	51	154	120462	120566	1.5e-08	60.0
//
Afu5g14910_cgnA	B5289_CDC-25.scaffold_144	72.94	85	23	0	61	145	20664	20748	3.9e-09	61.9
Afu5g14910_cgnA	B5289_CDC-25.scaffold_209	62.33	292	106	4	1	288	4994	5285	1e-26	120.3
Afu5g14900_hrmA	B5289_CDC-25.scaffold_31	100.00	1710	0	0	1	1710	22809	24518	0	1496.1
Afu5g14910_cgnA	B5289_CDC-25.scaffold_31	100.00	347	0	0	580	234	24900	25246	6.4e-62	237.2
Afu5g14910_cgnA	B5289_CDC-25.scaffold_31	76.60	94	17	5	217	124	22714	22802	5.7e-12	71.3
Afu5g14910_cgnA	B5289_CDC-25.scaffold_31	98.15	271	5	0	271	1	25291	25561	1.6e-100	365.5
Afu5g14910_cgnA	B5289_CDC-25.scaffold_32	60.23	176	59	11	197	372	171373	171537	4.7e-06	51.6
Afu8g06780_aclF	B5289_CDC-25.scaffold_78	90.52	686	56	9	1	686	37557	38233	0	778.2
Afu8g06780_aclF	B5289_CDC-25.scaffold_78	96.46	367	1	12	714	1080	38234	38588	2.9e-133	475.1
//
Afu5g14910_cgnA	B5460_CDC-13.scaffold_13	48.75	240	119	56	51	287	451825	452063	4.7e-09	61.6
Afu8g06780_aclF	B5460_CDC-13.scaffold_14	99.91	1080	1	0	1	1080	38502	39581	0	1495.9
//
Afu8g06780_aclF	B5461_CDC-2.scaffold_34	99.91	1080	1	0	1	1080	170490	171569	0	1495.9
//
Afu8g06780_aclF	B5852.scaffold_228	99.91	1080	1	0	1080	1	2628	3707	0	1495.9
Afu5g14910_cgnA	B5852.scaffold_455	61.08	185	66	6	7	190	8931	9110	8.3e-11	67.4
//
Afu8g06780_aclF	B5854.scaffold_230	99.91	1080	1	0	1080	1	2628	3707	0	1495.9
Afu5g14910_cgnA	B5854.scaffold_442	61.08	185	66	6	7	190	8931	9110	8.3e-11	67.4
//
Afu8g06780_aclF	B5856.scaffold_227	99.91	1080	1	0	1080	1	1455	2534	0	1495.9
Afu5g14910_cgnA	B5856.scaffold_457	61.08	185	66	6	190	7	5086	5265	8.3e-11	67.4
Afu5g14910_cgnA	B5856.scaffold_704	60.56	213	82	2	147	357	945	1157	1.2e-10	66.9
//
Afu8g06780_aclF	B5859.scaffold_22	99.81	1080	2	0	1080	1	116538	117617	0	1493.4
//
Afu8g06780_aclF	B5863.scaffold_243	99.91	1080	1	0	1080	1	1453	2532	0	1495.9
Afu5g14910_cgnA	B5863.scaffold_429	61.08	185	66	6	190	7	5086	5265	8.3e-11	67.4
Afu5g14910_cgnA	B5863.scaffold_658	60.56	213	82	2	357	147	1350	1562	1.2e-10	66.9
//
Afu8g06780_aclF	B5866.scaffold_238	99.91	1080	1	0	1	1080	38413	39492	0	1495.9
Afu5g14910_cgnA	B5866.scaffold_420	61.08	185	66	6	190	7	5086	5265	8.3e-11	67.4
//
Afu8g06780_aclF	B5868.scaffold_234	99.91	1080	1	0	1	1080	38409	39488	0	1495.9
Afu5g14910_cgnA	B5868.scaffold_442	61.08	185	66	6	7	190	8931	9110	8.3e-11	67.4
Afu5g14910_cgnA	B5868.scaffold_684	60.56	213	82	2	147	357	945	1157	1.2e-10	66.9
//
Afu8g06780_aclF	B6069.scaffold_140	99.81	1080	2	0	1	1080	38427	39506	0	1493.4
Afu5g14910_cgnA	B6069.scaffold_33	60.34	179	70	1	4	181	147488	147666	1.2e-11	70.2
Afu5g14910_cgnA	B6069.scaffold_436	69.05	84	23	3	65	145	1915	1998	8.5e-06	50.8
//
Afu8g06780_aclF	B6074.scaffold_135	99.81	1080	2	0	1	1080	41869	42948	0	1493.4
Afu5g14910_cgnA	B6074.scaffold_382	60.34	179	70	1	181	4	6786	6964	1.2e-11	70.2
Afu5g14910_cgnA	B6074.scaffold_456	69.05	84	23	3	145	65	7216	7299	8.4e-06	50.8
//
Afu8g06780_aclF	B6078.scaffold_102	99.81	1080	2	0	1	1080	54938	56017	0	1493.4
Afu5g14910_cgnA	B6078.scaffold_134	69.05	84	23	3	65	145	20516	20599	8.4e-06	50.8
Afu5g14910_cgnA	B6078.scaffold_29	60.34	179	70	1	4	181	147487	147665	1.2e-11	70.2
Afu5g14910_cgnA	B6078.scaffold_892	60.08	258	101	2	357	102	483	740	5.6e-15	81.3
//
Afu8g06780_aclF	B6079.scaffold_105	99.81	1080	2	0	1080	1	29354	30433	0	1493.4
Afu5g14910_cgnA	B6079.scaffold_197	69.05	84	23	3	65	145	1930	2013	8.4e-06	50.8
Afu5g14910_cgnA	B6079.scaffold_32	60.34	179	70	1	4	181	147489	147667	1.2e-11	70.2
//
Afu8g06780_aclF	B6081.scaffold_250	100.00	566	0	0	566	1	1	566	0	786.5
Afu8g06780_aclF	B6081.scaffold_588	99.62	521	2	0	1080	560	8076	8596	1e-206	719.2
//
Afu5g14910_cgnA	B6892_CDC-3.scaffold_130	59.29	339	130	8	30	367	6242	6573	1.4e-22	106.5
Afu8g06780_aclF	B6892_CDC-3.scaffold_9	99.91	1080	1	0	1	1080	181667	182746	0	1495.9
//
Afu8g06780_aclF	B6893_CDC-4.scaffold_16	99.91	1080	1	0	1080	1	330186	331265	0	1495.9
Afu5g14910_cgnA	B6893_CDC-4.scaffold_18	62.89	159	58	1	33	190	341224	341382	1.2e-11	70.2
//
Afu5g14910_cgnA	B72911_CDC-15.scaffold_24	62.00	300	107	7	58	357	345705	345997	1.7e-27	122.8
Afu5g14910_cgnA	B72911_CDC-15.scaffold_48	61.93	176	61	6	7	181	227109	227279	8.2e-11	67.4
Afu8g06780_aclF	B72911_CDC-15.scaffold_67	99.91	1080	1	0	1	1080	38530	39609	0	1495.9
//
Afu5g14910_cgnA	B7444_CDC-7.scaffold_22	62.89	159	58	1	190	33	87270	87428	1.2e-11	70.2
Afu5g14910_cgnA	B7444_CDC-7.scaffold_6	54.30	186	84	46	244	60	255657	255842	2.6e-15	82.4
Afu8g06780_aclF	B7444_CDC-7.scaffold_82	99.91	1080	1	0	1080	1	52679	53758	0	1495.9
//
Afu5g14910_cgnA	B7518_CDC-26.scaffold_135	61.75	285	105	4	281	1	915	1199	1.8e-24	112.8
Afu8g06780_aclF	B7518_CDC-26.scaffold_30	90.52	686	56	9	686	1	282889	283565	0	778.2
Afu8g06780_aclF	B7518_CDC-26.scaffold_30	96.46	367	1	12	1080	714	282534	282888	2.9e-133	475.1
Afu5g14910_cgnA	B7518_CDC-26.scaffold_69	61.67	300	108	7	58	357	132716	133008	9.8e-27	120.3
Afu5g14910_cgnA	B7518_CDC-26.scaffold_9	76.47	68	16	0	145	78	582044	582111	1.2e-07	56.9
//
Afu5g14910_cgnA	B7586_CDC-30.scaffold_105	66.99	103	33	1	154	53	37159	37261	4.8e-07	55.0
Afu5g14910_cgnA	B7586_CDC-30.scaffold_128	65.85	123	41	1	51	172	3	125	4.8e-10	64.9
Afu5g14910_cgnA	B7586_CDC-30.scaffold_148	69.23	104	32	0	154	51	5	108	1.2e-10	66.9
Afu8g06780_aclF	B7586_CDC-30.scaffold_29	99.91	1080	1	0	1	1080	94796	95875	0	1495.9
Afu5g14910_cgnA	B7586_CDC-30.scaffold_312	67.71	96	30	1	145	51	872	967	4.7e-07	55.0
Afu5g14900_hrmA	B7586_CDC-30.scaffold_316	60.26	229	89	2	890	1117	266	493	5.4e-16	86.2
//
Afu5g14910_cgnA	CEA10-2.scaffold_158	66.67	105	34	1	154	51	18511	18615	2.7e-06	52.5
Afu8g06780_aclF	CEA10-2.scaffold_173	96.76	432	2	12	649	1080	1	420	2.4e-131	468.7
Afu8g06780_aclF	CEA10-2.scaffold_262	99.75	399	1	0	1	399	37702	38100	1.3e-156	552.7
Afu5g14900_hrmA	CEA10-2.scaffold_529	100.00	1710	0	0	1710	1	3197	4906	0	1496.1
Afu5g14910_cgnA	CEA10-2.scaffold_529	100.00	279	0	0	302	580	2537	2815	4.6e-35	148.0
Afu5g14910_cgnA	CEA10-2.scaffold_529	75.88	340	70	68	1	330	2199	2536	2.4e-82	305.1
Afu5g14910_cgnA	CEA10-2.scaffold_529	77.89	95	14	7	169	262	4913	5001	3.9e-12	71.9
Afu5g14900_hrmA	CEA10-2.scaffold_667	54.13	375	152	20	32	395	1665	2030	4.6e-11	69.9
Afu5g14900_hrmA	CEA10-2.scaffold_667	56.01	341	134	16	791	1118	2452	2789	4.6e-11	69.9
Afu5g14900_hrmA	CEA10-2.scaffold_667	57.80	327	123	15	1167	1480	2790	3114	4.6e-11	69.9
Afu5g14910_cgnA	CEA10-2.scaffold_785	60.94	233	88	3	367	138	620	852	3.2e-11	68.8
//
Afu5g14910_cgnA	CEA10-MCH.scaffold_153	66.67	105	34	1	51	154	40534	40638	2.7e-06	52.5
Afu8g06780_aclF	CEA10-MCH.scaffold_164	96.80	438	2	12	643	1080	1	426	2.4e-132	472.1
Afu8g06780_aclF	CEA10-MCH.scaffold_31	97.24	579	13	3	579	1	1	576	2.1e-219	761.3
Afu5g14900_hrmA	CEA10-MCH.scaffold_466	100.00	1710	0	0	1710	1	4234	5943	0	1496.1
Afu5g14910_cgnA	CEA10-MCH.scaffold_466	100.00	357	0	0	224	580	3496	3852	4.4e-66	251.1
Afu5g14910_cgnA	CEA10-MCH.scaffold_466	77.89	95	14	7	169	262	5950	6038	3.9e-12	71.9
Afu5g14910_cgnA	CEA10-MCH.scaffold_466	99.03	207	2	0	1	207	3101	3307	4.3e-76	284.3
Afu5g14900_hrmA	CEA10-MCH.scaffold_557	54.13	375	152	20	32	395	1665	2030	4.6e-11	69.9
Afu5g14900_hrmA	CEA10-MCH.scaffold_557	56.01	341	134	16	791	1118	2452	2789	4.6e-11	69.9
Afu5g14900_hrmA	CEA10-MCH.scaffold_557	57.80	327	123	15	1167	1480	2790	3114	4.6e-11	69.9
Afu5g14910_cgnA	CEA10-MCH.scaffold_701	60.94	233	88	3	138	367	630	862	3.2e-11	68.8
//
Afu8g06780_aclF	CEA10.scaffold_20	90.52	686	56	9	686	1	150131	150807	0	778.2
Afu8g06780_aclF	CEA10.scaffold_20	95.70	302	1	12	1015	714	149841	150130	3.7e-106	385.1
Afu8g06780_aclF	CEA10.scaffold_20	99.53	215	1	0	1080	866	149776	149990	6.8e-80	297.8
Afu5g14910_cgnA	CEA10.scaffold_211	66.67	105	34	1	154	51	6770	6874	1.2e-07	56.9
Afu5g14900_hrmA	CEA10.scaffold_468	100.00	1710	0	0	1710	1	3065	4774	0	1496.1
Afu5g14910_cgnA	CEA10.scaffold_468	77.89	95	14	7	169	262	4781	4869	3.9e-12	71.9
Afu5g14910_cgnA	CEA10.scaffold_468	98.40	438	7	0	143	580	2246	2683	1.3e-94	345.8
Afu5g14900_hrmA	CEA10.scaffold_555	54.13	375	152	20	395	32	2503	2868	4.6e-11	69.9
Afu5g14900_hrmA	CEA10.scaffold_555	56.01	341	134	16	1118	791	1744	2081	4.6e-11	69.9
Afu5g14900_hrmA	CEA10.scaffold_555	57.80	327	123	15	1480	1167	1419	1743	4.6e-11	69.9
Afu5g14910_cgnA	CEA10.scaffold_649	60.94	233	88	3	367	138	621	853	3.2e-11	68.8
//
Afu8g06780_aclF	CF337.scaffold_251	96.86	446	2	12	635	1080	1	434	1.3e-133	476.2
Afu8g06780_aclF	CF337.scaffold_389	99.63	543	2	0	1	543	23366	23908	6.7e-216	749.6
Afu5g14910_cgnA	CF337.scaffold_418	63.83	141	50	1	172	33	12093	12233	8.2e-11	67.4
Afu5g14910_cgnA	CF337.scaffold_858	75.76	66	16	0	80	145	1401	1466	8.3e-07	54.1
//
Afu5g14910_cgnA	CM2141.scaffold_108	63.89	144	47	5	145	7	36392	36535	3.3e-09	62.2
Afu8g06780_aclF	CM2141.scaffold_35	99.91	1080	1	0	1080	1	130290	131369	0	1495.9
//
Afu8g06780_aclF	CM237.scaffold_170	99.81	1080	2	0	1080	1	831	1910	0	1493.4
Afu5g14910_cgnA	CM237.scaffold_235	65.85	123	41	1	172	51	823	945	4.8e-10	64.9
Afu5g14910_cgnA	CM237.scaffold_493	65.77	111	37	1	163	54	7477	7587	8.6e-08	57.4
Afu5g14900_hrmA	CM237.scaffold_513	100.00	1710	0	0	1	1710	4035	5744	0	1496.1
Afu5g14910_cgnA	CM237.scaffold_513	76.60	94	17	5	217	124	3940	4028	5.8e-12	71.3
Afu5g14910_cgnA	CM237.scaffold_513	99.23	392	3	0	580	189	6126	6517	2e-78	292.1
Afu5g14910_cgnA	CM237.scaffold_773	98.56	139	2	0	1	139	1341	1479	9.8e-48	190.1
Afu5g14900_hrmA	CM237.scaffold_815	57.14	259	99	12	39	290	59	312	1.8e-10	67.9
Afu5g14900_hrmA	CM237.scaffold_815	58.03	274	111	4	846	1117	812	1083	1.8e-10	67.9
//
Afu8g06780_aclF	CM2495.scaffold_25	99.81	1080	2	0	1080	1	128254	129333	0	1493.4
Afu5g14910_cgnA	CM2495.scaffold_297	63.89	144	47	5	7	145	21463	21606	3e-09	62.2
//
Afu8g06780_aclF	CM2730.scaffold_160	99.81	1080	2	0	1080	1	25221	26300	0	1493.4
Afu5g14910_cgnA	CM2730.scaffold_296	63.70	135	44	5	136	7	6776	6910	9.8e-08	57.2
//
Afu8g06780_aclF	CM2733.scaffold_19	99.81	1080	2	0	1080	1	140695	141774	0	1493.4
Afu5g14900_hrmA	CM2733.scaffold_549	57.14	196	77	7	100	290	4	197	1.7e-07	58.0
Afu5g14900_hrmA	CM2733.scaffold_549	58.03	274	111	4	846	1117	697	968	1.7e-07	58.0
//
Afu8g06780_aclF	CM3248.scaffold_12	90.38	686	57	9	1	686	34877	35553	0	775.7
Afu8g06780_aclF	CM3248.scaffold_12	96.46	367	1	12	714	1080	35554	35908	2.8e-133	475.1
Afu5g14910_cgnA	CM3248.scaffold_7	65.15	132	45	1	51	181	236118	236249	8.1e-11	67.4
//
Afu8g06780_aclF	CM3249.scaffold_197	99.81	1080	2	0	1080	1	13034	14113	0	1493.4
//
Afu8g06780_aclF	CM3249b.scaffold_22	99.81	1080	2	0	1080	1	135487	136566	0	1493.4
//
Afu8g06780_aclF	CM3262.scaffold_19	99.81	1080	2	0	1	1080	34016	35095	0	1493.4
Afu5g14910_cgnA	CM3262.scaffold_25	64.29	126	40	5	127	7	6771	6896	4.5e-07	55.0
//
Afu8g06780_aclF	CM3720.scaffold_21	99.81	1080	2	0	1080	1	140739	141818	0	1493.4
//
Afu8g06780_aclF	CM4602.scaffold_20	99.81	1080	2	0	1080	1	135515	136594	0	1493.4
//
Afu8g06780_aclF	CM4946.scaffold_26	99.81	1080	2	0	1080	1	135494	136573	0	1493.4
Afu5g14910_cgnA	CM4946.scaffold_289	63.70	135	44	5	7	136	20893	21027	9.8e-08	57.2
//
//
Afu5g14910_cgnA	CM5757.scaffold_180	75.58	86	21	0	145	60	48018	48103	2.2e-11	69.4
Afu8g06780_aclF	CM5757.scaffold_21	90.38	686	57	9	1	686	34881	35557	0	775.7
Afu8g06780_aclF	CM5757.scaffold_21	96.46	367	1	12	714	1080	35558	35912	2.9e-133	475.1
Afu5g14910_cgnA	CM5757.scaffold_459	61.99	292	107	4	288	1	869	1160	5.6e-26	117.8
Afu5g14910_cgnA	CM5757.scaffold_63	65.85	123	41	1	51	172	115945	116067	4.7e-10	64.9
//
Afu8g06780_aclF	CM6126.scaffold_16	90.52	686	56	9	1	686	37372	38048	0	778.2
Afu8g06780_aclF	CM6126.scaffold_16	96.46	367	1	12	714	1080	38049	38403	2.9e-133	475.1
//
Afu8g06780_aclF	CM6458.scaffold_31	90.52	686	56	9	686	1	130802	131478	0	778.2
Afu8g06780_aclF	CM6458.scaffold_31	96.46	367	1	12	1080	714	130447	130801	2.9e-133	475.1
Afu5g14910_cgnA	CM6458.scaffold_457	62.33	292	106	4	1	288	4863	5154	1.8e-29	129.5
//
Afu5g14910_cgnA	CM7510.scaffold_100	67.62	105	33	1	51	154	47580	47684	1.5e-08	60.0
Afu8g06780_aclF	CM7510.scaffold_266	90.52	686	56	9	686	1	1255	1931	0	778.2
Afu8g06780_aclF	CM7510.scaffold_266	96.46	367	1	12	1080	714	900	1254	2.9e-133	475.1
Afu5g14910_cgnA	CM7510.scaffold_356	60.23	176	59	11	372	197	21952	22116	4.8e-06	51.6
Afu5g14910_cgnA	CM7510.scaffold_448	65.85	123	41	1	172	51	14670	14792	4.7e-10	64.9
Afu5g14910_cgnA	CM7510.scaffold_571	75.29	85	21	0	60	144	5514	5598	5.7e-11	68.0
//
Afu8g06780_aclF	CM7555.scaffold_29	90.52	686	56	9	1	686	37461	38137	0	778.2
Afu8g06780_aclF	CM7555.scaffold_29	96.46	367	1	12	714	1080	38138	38492	2.9e-133	475.1
//
Afu8g06780_aclF	CM7560.scaffold_16	99.81	1080	2	0	1080	1	156064	157143	0	1493.4
Afu5g14910_cgnA	CM7560.scaffold_248	63.89	144	47	5	7	145	28015	28158	3e-09	62.2
//
Afu8g06780_aclF	CM7570.scaffold_11	99.81	1080	2	0	1080	1	128253	129332	0	1493.4
//
Afu5g14910_cgnA	CM7632.scaffold_13	62.03	158	54	6	7	163	35178	35330	3.8e-10	65.2
Afu8g06780_aclF	CM7632.scaffold_29	100.00	1080	0	0	1080	1	135558	136637	0	1498.4
//
Afu8g06780_aclF	COH_1192.scaffold_15	99.91	1080	1	0	1080	1	412923	414002	0	1495.9
Afu5g14910_cgnA	COH_1192.scaffold_21	65.15	132	45	1	181	51	64802	64933	8.1e-11	67.4
//
Afu5g14910_cgnA	COH_371.scaffold_16	49.37	239	119	51	287	51	41448	41686	2.1e-10	66.1
Afu8g06780_aclF	COH_371.scaffold_43	99.91	1080	1	0	1080	1	143817	144896	0	1495.9
//
Afu5g14910_cgnA	COH_400.scaffold_116	49.01	253	123	57	253	7	36358	36610	1.2e-08	60.2
Afu5g14910_cgnA	COH_400.scaffold_16	75.58	86	21	0	145	60	356745	356830	2.2e-11	69.4
Afu5g14910_cgnA	COH_400.scaffold_17	60.34	179	70	1	4	181	378275	378453	1.2e-11	70.2
Afu8g06780_aclF	COH_400.scaffold_59	90.38	686	57	9	686	1	150197	150873	0	775.7
Afu8g06780_aclF	COH_400.scaffold_59	96.46	367	1	12	1080	714	149842	150196	2.9e-133	475.1
Afu8g06780_aclF	COH_400.scaffold_59	99.33	149	1	0	1080	932	149842	149990	2.2e-52	206.4
//
Afu8g06780_aclF	COH_694.scaffold_22	99.91	1080	1	0	1	1080	174387	175466	0	1495.9
Afu5g14910_cgnA	COH_694.scaffold_36	61.08	185	66	6	7	190	255645	255824	8.2e-11	67.4
//
Afu5g14910_cgnA	COH_762.scaffold_3	63.09	149	49	6	154	7	6877	7020	3.8e-09	61.9
Afu8g06780_aclF	COH_762.scaffold_6	99.91	1080	1	0	1	1080	242960	244039	0	1495.9
//
Afu5g14910_cgnA	COH_880.scaffold_20	61.08	185	66	6	190	7	6900	7079	8.1e-11	67.4
Afu8g06780_aclF	COH_880.scaffold_25	99.91	1080	1	0	1	1080	171408	172487	0	1495.9
Afu5g14910_cgnA	COH_880.scaffold_288	60.31	194	75	2	357	166	1229	1422	8.2e-08	57.5
Afu5g14910_cgnA	COH_880.scaffold_31	63.91	133	43	5	77	204	252320	252452	2.6e-06	52.5
Afu5g14900_hrmA	COH_880.scaffold_68	100.00	1710	0	0	1	1710	72054	73763	0	1496.1
Afu5g14910_cgnA	COH_880.scaffold_68	80.77	78	11	4	181	104	71959	72032	1.4e-11	69.9
Afu5g14910_cgnA	COH_880.scaffold_68	96.61	501	17	0	580	80	74145	74645	2.2e-113	408.1
Afu5g14910_cgnA	COH_880.scaffold_88	63.89	144	47	5	145	7	68000	68143	3.1e-09	62.2
//
Afu5g14910_cgnA	COH_885.scaffold_16	61.08	185	66	6	190	7	6880	7059	8.5e-11	67.4
Afu5g14910_cgnA	COH_885.scaffold_330	65.41	133	40	6	198	324	2226	2358	5.9e-07	54.7
Afu8g06780_aclF	COH_885.scaffold_71	99.91	1080	1	0	1	1080	38440	39519	0	1495.9
//
Afu5g14910_cgnA	COH_913.scaffold_12	61.62	185	65	6	7	190	297944	298123	1.5e-11	69.9
Afu8g06780_aclF	COH_913.scaffold_42	99.91	1080	1	0	1080	1	146059	147138	0	1495.9
//
Afu8g06780_aclF	COH_934.scaffold_1318	100.00	356	0	0	356	1	1	356	1.9e-139	495.7
Afu8g06780_aclF	COH_934.scaffold_2536	99.80	510	1	0	1080	571	19	528	6.7e-203	706.5
Afu5g14910_cgnA	COH_934.scaffold_34	61.08	185	66	6	7	190	155534	155713	8.5e-11	67.4
Afu5g14910_cgnA	COH_934.scaffold_56	67.29	107	32	3	177	74	2001	2107	1.8e-06	53.0
//
Afu8g06780_aclF	D17.scaffold_109	99.77	432	1	0	649	1080	1	432	2.2e-170	598.4
Afu5g14910_cgnA	D17.scaffold_269	67.96	103	32	1	150	49	6510	6612	6.8e-08	57.7
Afu5g14910_cgnA	D17.scaffold_28	63.33	150	54	1	33	181	40452	40601	1.4e-11	69.9
Afu8g06780_aclF	D17.scaffold_53	100.00	580	0	0	1	580	164682	165261	0	805.9
//
Afu8g06780_aclF	F11628.scaffold_24	99.81	1080	2	0	1080	1	109304	110383	0	1493.4
Afu5g14910_cgnA	F11628.scaffold_436	62.54	283	102	4	314	32	9402	9680	9.9e-28	123.7
//
Afu8g06780_aclF	F12041.scaffold_16	99.81	1080	2	0	1	1080	38458	39537	0	1493.4
Afu5g14910_cgnA	F12041.scaffold_173	62.54	283	102	4	314	32	9402	9680	9.9e-28	123.7
//
Afu5g14910_cgnA	F12219.scaffold_21	63.09	149	49	6	154	7	207507	207650	3.8e-09	61.9
Afu8g06780_aclF	F12219.scaffold_22	99.81	1080	2	0	1080	1	230722	231801	0	1493.4
Afu5g14910_cgnA	F12219.scaffold_9	69.05	84	23	3	65	145	36948	37031	8.1e-06	50.8
//
Afu8g06780_aclF	F12636.scaffold_54	99.81	1080	2	0	1	1080	38455	39534	0	1493.4
//
Afu8g06780_aclF	F12865.scaffold_27	99.81	1080	2	0	1080	1	109304	110383	0	1493.4
Afu5g14910_cgnA	F12865.scaffold_497	62.54	283	102	4	314	32	9402	9680	9.9e-28	123.7
//
Afu5g14910_cgnA	F13535.scaffold_179	62.54	283	102	4	314	32	9402	9680	9.9e-28	123.7
Afu8g06780_aclF	F13535.scaffold_57	99.81	1080	2	0	1080	1	138813	139892	0	1493.4
//
Afu5g14910_cgnA	F13619.scaffold_20	58.12	351	134	13	35	376	317007	317353	3.9e-16	85.2
Afu8g06780_aclF	F13619.scaffold_20	99.91	1080	1	0	1080	1	136870	137949	0	1495.9
//
Afu8g06780_aclF	F13952.scaffold_12	99.81	1080	2	0	1080	1	365778	366857	0	1493.4
Afu5g14910_cgnA	F13952.scaffold_186	62.54	283	102	4	32	314	5488	5766	2.1e-26	119.2
//
Afu5g14910_cgnA	F14403.scaffold_11	69.05	84	23	3	145	65	524617	524700	8.3e-06	50.8
Afu5g14910_cgnA	F14403.scaffold_13	66.67	96	31	1	145	51	209407	209502	2.6e-06	52.5
Afu8g06780_aclF	F14403.scaffold_5	99.91	1080	1	0	1	1080	38413	39492	0	1495.9
//
Afu8g06780_aclF	F14513G.scaffold_16	99.81	1080	2	0	1080	1	365816	366895	0	1493.4
Afu5g14910_cgnA	F14513G.scaffold_179	62.54	283	102	4	314	32	9402	9680	9.9e-28	123.7
//
Afu8g06780_aclF	F14532.scaffold_60	99.91	1080	1	0	1	1080	38399	39478	0	1495.9
//
Afu8g06780_aclF	F14946G.scaffold_32	90.52	686	56	9	686	1	146256	146932	0	778.2
Afu8g06780_aclF	F14946G.scaffold_32	96.46	367	1	12	1080	714	145901	146255	2.9e-133	475.1
Afu5g14910_cgnA	F14946G.scaffold_5	61.62	185	65	6	190	7	509513	509692	1.5e-11	69.9
//
Afu8g06780_aclF	F15390.scaffold_61	99.91	1080	1	0	1	1080	38400	39479	0	1495.9
//
Afu8g06780_aclF	F15767.scaffold_32	99.81	1080	2	0	1	1080	34865	35944	0	1493.4
//
Afu8g06780_aclF	F15927.scaffold_6	99.81	1080	2	0	1	1080	807349	808428	0	1493.4
//
Afu5g14910_cgnA	F16134.scaffold_12	75.38	65	16	0	81	145	37082	37146	2.1e-06	52.8
Afu5g14910_cgnA	F16134.scaffold_135	66.67	105	34	1	154	51	30525	30629	2.6e-06	52.5
Afu8g06780_aclF	F16134.scaffold_2	90.38	686	57	9	1	686	58360	59036	0	775.7
Afu8g06780_aclF	F16134.scaffold_2	96.46	367	1	12	714	1080	59037	59391	2.8e-133	475.1
//
Afu8g06780_aclF	F16216.scaffold_58	99.81	1080	2	0	1	1080	38454	39533	0	1493.4
//
Afu8g06780_aclF	F16311.scaffold_3	99.91	1080	1	0	1080	1	741539	742618	0	1495.9
//
Afu5g14910_cgnA	F17582.scaffold_3	69.05	84	23	3	145	65	540601	540684	8.3e-06	50.8
Afu8g06780_aclF	F17582.scaffold_56	99.81	1080	2	0	1080	1	147292	148371	0	1493.4
//
Afu5g14910_cgnA	F17729.scaffold_14	61.67	180	64	5	7	181	299811	299990	8.2e-11	67.4
Afu8g06780_aclF	F17729.scaffold_34	90.52	686	56	9	1	686	169865	170541	0	778.2
Afu8g06780_aclF	F17729.scaffold_34	96.46	367	1	12	714	1080	170542	170896	2.9e-133	475.1
//
Afu5g14910_cgnA	F17729W.scaffold_13	61.62	185	65	6	190	7	129575	129754	1.5e-11	69.9
Afu8g06780_aclF	F17729W.scaffold_27	90.52	686	56	9	686	1	146158	146834	0	778.2
Afu8g06780_aclF	F17729W.scaffold_27	96.46	367	1	12	1080	714	145803	146157	2.9e-133	475.1
//
Afu5g14910_cgnA	F17764.scaffold_27	67.26	113	36	1	163	52	116774	116886	1.2e-09	63.6
Afu8g06780_aclF	F17764.scaffold_49	100.00	795	0	0	795	1	149841	150635	0	1103.6
Afu8g06780_aclF	F17764.scaffold_49	99.77	435	1	0	1080	646	149556	149990	1.2e-171	602.5
//
Afu5g14900_hrmA	F17999.scaffold_1892	57.14	259	99	12	39	290	2309	2562	1.7e-10	67.9
Afu5g14900_hrmA	F17999.scaffold_1892	58.03	274	111	4	846	1117	3062	3333	1.7e-10	67.9
Afu8g06780_aclF	F17999.scaffold_1948	100.00	125	0	0	125	1	1	125	3.8e-43	175.7
Afu8g06780_aclF	F17999.scaffold_2264	96.10	385	3	12	1080	696	878	1250	2.3e-129	462.1
Afu5g14910_cgnA	F17999.scaffold_57	66.02	103	34	1	154	53	43392	43494	2.5e-06	52.5
//
Afu8g06780_aclF	F18085.scaffold_31	99.91	1080	1	0	1	1080	170907	171986	0	1495.9
//
Afu5g14910_cgnA	F18149-JCVI.scaffold_171	77.05	61	14	0	138	78	7295	7355	3.2e-06	52.2
Afu8g06780_aclF	F18149-JCVI.scaffold_48	90.38	686	57	9	1	686	34868	35544	0	775.7
Afu8g06780_aclF	F18149-JCVI.scaffold_48	96.46	367	1	12	714	1080	35545	35899	2.9e-133	475.1
Afu5g14910_cgnA	F18149-JCVI.scaffold_8	66.67	105	34	1	154	51	30535	30639	2.6e-06	52.5
//
Afu5g14910_cgnA	F18304.scaffold_321	66.67	105	34	1	51	154	9139	9243	8.4e-08	57.5
Afu8g06780_aclF	F18304.scaffold_356	100.00	444	0	0	1080	637	26367	26810	4e-176	617.5
Afu8g06780_aclF	F18304.scaffold_395	100.00	570	0	0	1	570	22454	23023	0	792.0
Afu5g14910_cgnA	F18304.scaffold_612	62.54	283	102	4	314	32	9678	9956	9.9e-28	123.7
Afu5g14900_hrmA	F18304.scaffold_644	100.00	1710	0	0	1710	1	2482	4191	0	1496.1
Afu5g14910_cgnA	F18304.scaffold_644	100.00	344	0	0	237	580	1757	2100	1.1e-60	233.1
Afu5g14910_cgnA	F18304.scaffold_644	77.89	95	14	7	169	262	4198	4286	3.9e-12	71.9
Afu5g14910_cgnA	F18304.scaffold_644	97.89	190	4	0	1	190	1468	1657	1.7e-67	255.8
//
Afu8g06780_aclF	F18329.scaffold_105	99.77	430	1	0	651	1080	1	430	1.5e-169	595.6
Afu8g06780_aclF	F18329.scaffold_183	100.00	614	0	0	1	614	38419	39032	0	852.9
Afu5g14910_cgnA	F18329.scaffold_25	63.33	150	54	1	33	181	40455	40604	1.4e-11	69.9
Afu5g14910_cgnA	F18329.scaffold_293	67.19	128	38	4	144	267	1495	1622	3.8e-09	61.9
//
Afu8g06780_aclF	F18454.scaffold_1410	99.78	453	1	0	1080	628	3811	4263	3.8e-179	627.5
Afu8g06780_aclF	F18454.scaffold_1580	100.00	135	0	0	1	135	3054	3188	2.6e-47	189.5
Afu5g14910_cgnA	F18454.scaffold_2330	69.48	213	65	0	43	255	675	887	2.4e-31	135.6
Afu5g14910_cgnA	F18454.scaffold_44	66.67	96	31	1	51	145	28747	28842	2.5e-06	52.5
//
Afu8g06780_aclF	F20063.scaffold_369	98.92	556	6	0	1	556	23350	23905	2.5e-218	757.7
Afu5g14910_cgnA	F20063.scaffold_664	67.62	105	33	1	154	51	6794	6898	1.5e-08	59.9
Afu5g14900_hrmA	F20063.scaffold_753	57.14	259	99	12	290	39	1376	1629	1.7e-10	67.9
Afu5g14900_hrmA	F20063.scaffold_753	58.03	274	111	4	1117	846	605	876	1.7e-10	67.9
Afu8g06780_aclF	F20063.scaffold_928	96.90	451	2	12	630	1080	1	439	1.3e-133	476.2
Afu5g14910_cgnA	F20063.scaffold_974	60.36	222	86	2	138	357	786	1007	3.1e-11	68.8
//
Afu5g14910_cgnA	F20140.scaffold_37	60.34	179	70	1	4	181	40473	40651	1.2e-11	70.2
Afu8g06780_aclF	F20140.scaffold_88	99.56	455	2	0	626	1080	1	455	3.2e-179	627.7
Afu8g06780_aclF	F20140.scaffold_99	100.00	597	0	0	597	1	1	597	0	829.4
//
Afu8g06780_aclF	F20451.scaffold_1169	99.73	367	1	0	1	367	3277	3643	2.9e-143	508.4
Afu8g06780_aclF	F20451.scaffold_123	96.65	418	2	12	1080	663	50566	50971	9.3e-131	466.8
Afu5g14910_cgnA	F20451.scaffold_733	62.54	283	102	4	32	314	761	1039	9.9e-28	123.7
//
Afu8g06780_aclF	F21572.scaffold_171	99.76	418	1	0	663	1080	1	418	1.6e-164	579.0
Afu8g06780_aclF	F21572.scaffold_215	99.84	623	1	0	1	623	38392	39014	0	862.9
Afu5g14910_cgnA	F21572.scaffold_388	75.38	65	16	0	145	81	6530	6594	2.2e-06	52.7
//
Afu8g06780_aclF	F21732.scaffold_179	99.77	436	1	0	645	1080	1	436	4.8e-172	603.9
Afu8g06780_aclF	F21732.scaffold_78	99.75	405	1	0	1	405	90223	90627	4.1e-159	561.0
//
Afu5g14910_cgnA	F21857.scaffold_12	62.54	283	102	4	32	314	89447	89725	2.1e-26	119.2
Afu8g06780_aclF	F21857.scaffold_196	96.79	436	2	12	1080	645	47857	48280	7.4e-132	470.4
Afu5g14910_cgnA	F21857.scaffold_455	59.65	342	133	5	30	367	710	1050	9.7e-25	113.7
Afu8g06780_aclF	F21857.scaffold_94	99.80	489	1	0	1	489	86305	86793	3.8e-194	677.3
//
Afu8g06780_aclF	F4S1B.scaffold_315	96.95	459	2	12	1080	622	26365	26811	1.3e-133	476.2
Afu8g06780_aclF	F4S1B.scaffold_351	97.23	578	13	3	1	578	22396	22970	5.4e-219	759.9
Afu5g14910_cgnA	F4S1B.scaffold_551	57.97	345	143	2	30	372	2373	2717	4.5e-24	111.5
Afu5g14910_cgnA	F4S1B.scaffold_551	60.36	222	86	2	138	357	56	277	3.1e-14	78.8
Afu5g14900_hrmA	F4S1B.scaffold_7	100.00	1710	0	0	1710	1	186840	188549	0	1496.1
Afu5g14910_cgnA	F4S1B.scaffold_7	77.89	95	14	7	187	280	188556	188644	3.7e-12	71.9
Afu5g14910_cgnA	F4S1B.scaffold_7	80.43	506	98	96	76	580	185953	186458	1.1e-76	286.3
Afu5g14910_cgnA	F4S1B.scaffold_7	98.79	165	2	0	1	165	185687	185851	1.3e-58	226.1
//
Afu5g14910_cgnA	F5211G.scaffold_12	69.05	84	23	3	145	65	354622	354705	8.4e-06	50.8
Afu8g06780_aclF	F5211G.scaffold_49	99.91	1080	1	0	1080	1	166286	167365	0	1495.9
//
Afu8g06780_aclF	HMR_AF270_gbk.NKHT01000021.1	100.00	1080	0	0	1	1080	38325	39404	0	1498.4
Afu5g14910_cgnA	HMR_AF270_gbk.NKHT01000156.1	55.34	253	106	7	286	41	8916	9168	5.9e-09	61.3
Afu5g14910_cgnA	HMR_AF270_gbk.NKHT01000156.1	59.77	353	129	13	378	35	9169	9517	8.5e-22	104.0
//
Afu8g06780_aclF	HMR_AF706_gbk.NKHS01000022.1	99.91	1080	1	0	1080	1	132446	133525	0	1495.9
Afu5g14910_cgnA	HMR_AF706_gbk.NKHS01000211.1	60.34	179	70	1	181	4	6768	6946	8.3e-11	67.4
Afu5g14910_cgnA	HMR_AF706_gbk.NKHS01000403.1	62.00	300	107	7	58	357	4742	5034	1.7e-27	122.8
//
Afu5g14910_cgnA	IF1SW-F4_gbk.LWRU01000008.1	61.62	185	65	6	190	7	41452	41631	1.5e-11	69.9
Afu8g06780_aclF	IF1SW-F4_gbk.LWRU01000189.1	99.91	1080	1	0	1080	1	682684	683763	0	1495.9
//
Afu5g14900_hrmA	IFM_55369.scaffold_1	100.00	1710	0	0	1710	1	364174	365883	0	1496.1
Afu5g14910_cgnA	IFM_55369.scaffold_1	77.89	95	14	7	187	280	365890	365978	3.8e-12	71.9
Afu5g14910_cgnA	IFM_55369.scaffold_1	98.13	589	2	9	1	580	363204	363792	1.8e-141	501.5
Afu5g14910_cgnA	IFM_55369.scaffold_204	69.05	84	23	3	65	145	37008	37091	8.2e-06	50.8
Afu5g14910_cgnA	IFM_55369.scaffold_521	59.84	254	95	7	116	366	13	262	2.1e-11	69.4
Afu5g14910_cgnA	IFM_55369.scaffold_521	62.32	284	102	5	64	342	263	546	3.7e-27	121.7
Afu8g06780_aclF	IFM_55369.scaffold_96	90.52	686	56	9	1	686	76251	76927	0	775.7
Afu8g06780_aclF	IFM_55369.scaffold_96	96.46	367	1	12	714	1080	76928	77282	2.8e-133	475.1
//
Afu8g06780_aclF	IFM_58026.scaffold_227	99.91	1080	1	0	1080	1	20355	21434	0	1495.9
Afu5g14910_cgnA	IFM_58026.scaffold_526	60.11	188	74	1	190	4	5356	5543	1.4e-11	69.9
//
Afu8g06780_aclF	IFM_58029.scaffold_4	99.91	1080	1	0	1080	1	236838	237917	0	1495.9
//
//
Afu8g06780_aclF	IFM_59056.scaffold_22	99.91	1080	1	0	1	1080	73397	74476	0	1495.9
Afu5g14910_cgnA	IFM_59056.scaffold_249	60.23	176	59	11	197	372	2134	2298	4.6e-06	51.6
Afu5g14910_cgnA	IFM_59056.scaffold_270	71.19	118	34	0	160	43	1	118	5.5e-15	81.3
Afu5g14910_cgnA	IFM_59056.scaffold_33	73.91	92	24	0	54	145	1	92	1.2e-11	70.2
//
Afu5g14910_cgnA	IFM_59073.scaffold_34	60.34	179	70	1	181	4	19085	19263	8.2e-11	67.4
Afu5g14910_cgnA	IFM_59073.scaffold_472	63.04	303	107	5	7	309	2011	2308	1.2e-25	116.7
Afu8g06780_aclF	IFM_59073.scaffold_53	90.52	686	56	9	686	1	83081	83757	0	778.2
Afu8g06780_aclF	IFM_59073.scaffold_53	96.46	367	1	12	1080	714	82726	83080	2.9e-133	475.1
//
Afu5g14910_cgnA	IFM_59355-1.scaffold_267	62.33	292	106	4	1	288	3092	3383	1.8e-29	129.5
Afu5g14900_hrmA	IFM_59355-1.scaffold_5	100.00	1710	0	0	1	1710	122678	124387	0	1496.1
Afu5g14910_cgnA	IFM_59355-1.scaffold_5	100.00	88	0	0	88	1	125325	125412	5.5e-28	124.5
Afu5g14910_cgnA	IFM_59355-1.scaffold_5	75.53	94	18	5	127	34	122583	122671	3.2e-11	68.8
Afu5g14910_cgnA	IFM_59355-1.scaffold_5	80.94	556	105	99	580	26	124769	125324	5e-93	340.6
Afu5g14910_cgnA	IFM_59355-1.scaffold_56	76.47	68	16	0	145	78	157789	157856	1.2e-07	56.9
Afu8g06780_aclF	IFM_59355-1.scaffold_74	90.52	686	56	9	1	686	54289	54965	0	775.7
Afu8g06780_aclF	IFM_59355-1.scaffold_74	96.46	367	1	12	714	1080	54966	55320	2.9e-133	475.1
//
Afu5g14900_hrmA	IFM_59355-2.scaffold_1	100.00	1710	0	0	1710	1	364107	365816	0	1496.1
Afu5g14910_cgnA	IFM_59355-2.scaffold_1	100.00	295	0	0	286	580	363431	363725	3e-40	165.2
Afu5g14910_cgnA	IFM_59355-2.scaffold_1	77.89	95	14	7	187	280	365823	365911	3.8e-12	71.9
Afu5g14910_cgnA	IFM_59355-2.scaffold_1	98.81	252	3	0	1	252	363082	363333	4.1e-94	344.2
Afu5g14910_cgnA	IFM_59355-2.scaffold_202	76.47	68	16	0	78	145	20630	20697	1.2e-07	56.9
Afu8g06780_aclF	IFM_59355-2.scaffold_4	90.52	686	56	9	686	1	261337	262013	0	775.7
Afu8g06780_aclF	IFM_59355-2.scaffold_4	96.46	367	1	12	1080	714	260982	261336	2.9e-133	475.1
//
Afu5g14910_cgnA	IFM_59356-1.scaffold_206	62.33	292	106	4	288	1	730	1021	1.8e-29	129.5
Afu5g14910_cgnA	IFM_59356-1.scaffold_24	76.47	68	16	0	78	145	36956	37023	1.2e-07	56.9
Afu8g06780_aclF	IFM_59356-1.scaffold_30	90.52	686	56	9	686	1	85301	85977	0	775.7
Afu8g06780_aclF	IFM_59356-1.scaffold_30	96.46	367	1	12	1080	714	84946	85300	2.9e-133	475.1
Afu5g14900_hrmA	IFM_59356-1.scaffold_6	100.00	1710	0	0	1	1710	128313	130022	0	1496.1
Afu5g14910_cgnA	IFM_59356-1.scaffold_6	100.00	88	0	0	88	1	130960	131047	5.5e-28	124.5
Afu5g14910_cgnA	IFM_59356-1.scaffold_6	75.53	94	18	5	127	34	128218	128306	3.2e-11	68.8
Afu5g14910_cgnA	IFM_59356-1.scaffold_6	81.12	556	104	98	580	26	130404	130959	1.6e-93	342.2
//
Afu5g14910_cgnA	IFM_59356-2.scaffold_1030	100.00	97	0	0	97	1	1	97	9.7e-32	137.0
Afu5g14910_cgnA	IFM_59356-2.scaffold_1036	55.52	290	127	2	84	371	951	1240	4.6e-12	71.6
Afu5g14910_cgnA	IFM_59356-2.scaffold_349	76.47	68	16	0	78	145	20512	20579	1.2e-07	56.9
Afu8g06780_aclF	IFM_59356-2.scaffold_562	90.52	686	56	9	686	1	6028	6704	0	775.7
Afu8g06780_aclF	IFM_59356-2.scaffold_562	96.46	367	1	12	1080	714	5673	6027	2.9e-133	475.1
Afu5g14900_hrmA	IFM_59356-2.scaffold_795	100.00	1710	0	0	1710	1	760	2469	0	1496.1
Afu5g14910_cgnA	IFM_59356-2.scaffold_795	100.00	378	0	0	203	580	1	378	7.6e-75	280.2
Afu5g14910_cgnA	IFM_59356-2.scaffold_795	77.89	95	14	7	169	262	2476	2564	3.9e-12	71.9
//
Afu5g14900_hrmA	IFM_59356-3.scaffold_21	100.00	1710	0	0	1710	1	143530	145239	0	1496.1
Afu5g14910_cgnA	IFM_59356-3.scaffold_21	100.00	250	0	0	331	580	142899	143148	4.4e-35	148.0
Afu5g14910_cgnA	IFM_59356-3.scaffold_21	77.53	396	80	54	1	389	142505	142898	1.3e-94	345.8
Afu5g14910_cgnA	IFM_59356-3.scaffold_21	77.89	95	14	7	169	262	145246	145334	3.8e-12	71.9
Afu5g14910_cgnA	IFM_59356-3.scaffold_318	76.47	68	16	0	145	78	7180	7247	1.2e-07	56.9
Afu8g06780_aclF	IFM_59356-3.scaffold_478	90.52	686	56	9	686	1	838	1514	0	775.7
Afu8g06780_aclF	IFM_59356-3.scaffold_478	96.46	367	1	12	1080	714	483	837	2.9e-133	475.1
Afu5g14910_cgnA	IFM_59356-3.scaffold_664	62.45	229	86	0	254	26	796	1024	3.1e-22	105.4
Afu5g14910_cgnA	IFM_59356-3.scaffold_899	56.23	265	114	2	371	109	167	431	7.9e-12	70.8
//
Afu8g06780_aclF	IFM_59359.scaffold_161	100.00	367	0	0	1080	714	16867	17233	5.1e-144	510.9
Afu8g06780_aclF	IFM_59359.scaffold_161	90.52	686	56	9	686	1	17234	17910	0	775.7
Afu5g14910_cgnA	IFM_59359.scaffold_170	99.31	145	1	0	145	1	2	146	5.4e-51	200.9
Afu5g14900_hrmA	IFM_59359.scaffold_859	100.00	1710	0	0	1710	1	773	2482	0	1496.1
Afu5g14910_cgnA	IFM_59359.scaffold_859	100.00	391	0	0	190	580	1	391	2.9e-80	298.2
Afu5g14910_cgnA	IFM_59359.scaffold_859	76.60	94	17	5	115	208	2489	2577	5.7e-12	71.3
Afu5g14910_cgnA	IFM_59359.scaffold_873	59.84	254	95	7	116	366	13	262	2.2e-11	69.4
Afu5g14910_cgnA	IFM_59359.scaffold_873	62.32	284	102	5	64	342	263	546	3.8e-27	121.7
//
Afu8g06780_aclF	IFM_59361-1.scaffold_15	90.52	686	56	9	1	686	181539	182215	0	778.2
Afu8g06780_aclF	IFM_59361-1.scaffold_15	96.46	367	1	12	714	1080	182216	182570	2.9e-133	475.1
Afu5g14910_cgnA	IFM_59361-1.scaffold_4	72.94	85	23	0	61	145	426826	426910	3.9e-09	61.9
Afu5g14910_cgnA	IFM_59361-1.scaffold_45	62.78	180	62	5	181	7	47460	47639	5.7e-13	74.6
Afu5g14900_hrmA	IFM_59361-1.scaffold_93	100.00	1710	0	0	1	1710	19168	20877	0	1496.1
Afu5g14910_cgnA	IFM_59361-1.scaffold_93	80.77	78	11	4	181	104	19073	19146	1.5e-11	69.9
Afu5g14910_cgnA	IFM_59361-1.scaffold_93	97.11	519	15	0	580	62	21259	21777	2.3e-122	438.1
//
Afu5g14910_cgnA	IFM_59361-2.scaffold_12	72.94	85	23	0	61	145	37004	37088	1.8e-09	63.0
Afu8g06780_aclF	IFM_59361-2.scaffold_16	90.52	686	56	9	686	1	280656	281332	0	778.2
Afu8g06780_aclF	IFM_59361-2.scaffold_16	96.46	367	1	12	1080	714	280301	280655	3e-133	475.1
Afu5g14910_cgnA	IFM_59361-2.scaffold_25	62.78	180	62	5	7	181	331522	331701	8.5e-12	70.7
Afu5g14900_hrmA	IFM_59361-2.scaffold_97	100.00	1710	0	0	1	1710	19168	20877	0	1496.1
Afu5g14910_cgnA	IFM_59361-2.scaffold_97	80.77	78	11	4	181	104	19073	19146	1.5e-11	69.9
Afu5g14910_cgnA	IFM_59361-2.scaffold_97	97.11	519	15	0	580	62	21259	21777	2.3e-122	438.1
//
Afu5g14910_cgnA	IFM_59361.scaffold_37	72.94	85	23	0	145	61	181578	181662	1.8e-09	63.0
Afu5g14910_cgnA	IFM_59361.scaffold_441	61.03	213	81	2	357	147	1936	2148	2.2e-11	69.4
Afu8g06780_aclF	IFM_59361.scaffold_6	90.52	686	56	9	686	1	130965	131641	0	778.2
Afu8g06780_aclF	IFM_59361.scaffold_6	96.46	367	1	12	1080	714	130610	130964	3e-133	475.1
Afu5g14910_cgnA	IFM_59361.scaffold_62	62.78	180	62	5	181	7	6960	7139	5.7e-13	74.6
Afu5g14900_hrmA	IFM_59361.scaffold_93	100.00	1710	0	0	1710	1	88308	90017	0	1496.1
Afu5g14910_cgnA	IFM_59361.scaffold_93	77.89	95	14	7	169	262	90024	90112	3.9e-12	71.9
Afu5g14910_cgnA	IFM_59361.scaffold_93	97.11	519	15	0	62	580	87408	87926	2.3e-122	438.1
//
//
Afu8g06780_aclF	IFM_59777.scaffold_68	90.52	686	56	9	1	686	37676	38352	0	778.2
Afu8g06780_aclF	IFM_59777.scaffold_68	96.46	367	1	12	714	1080	38353	38707	2.9e-133	475.1
//
Afu5g14900_hrmA	IFM_60237.scaffold_125	100.00	1710	0	0	1	1710	19168	20877	0	1496.1
Afu5g14910_cgnA	IFM_60237.scaffold_125	80.77	78	11	4	181	104	19073	19146	1.5e-11	69.9
Afu5g14910_cgnA	IFM_60237.scaffold_125	97.11	519	15	0	580	62	21259	21777	2.3e-122	438.1
Afu5g14910_cgnA	IFM_60237.scaffold_18	72.94	85	23	0	145	61	354310	354394	1.8e-09	63.0
Afu8g06780_aclF	IFM_60237.scaffold_25	90.52	686	56	9	1	686	37464	38140	0	778.2
Afu8g06780_aclF	IFM_60237.scaffold_25	96.46	367	1	12	714	1080	38141	38495	3e-133	475.1
Afu5g14910_cgnA	IFM_60237.scaffold_90	62.78	180	62	5	7	181	62767	62946	5.8e-13	74.6
//
Afu5g14910_cgnA	IFM_60514.scaffold_13	60.11	188	74	1	190	4	2126	2313	1.4e-11	69.9
Afu8g06780_aclF	IFM_60514.scaffold_27	99.91	1080	1	0	1	1080	38595	39674	0	1495.9
Afu5g14910_cgnA	IFM_60514.scaffold_349	62.00	300	107	7	357	58	7465	7757	1.7e-27	122.8
//
Afu8g06780_aclF	IFM_61118.scaffold_3	90.38	686	57	9	1	686	19802	20478	0	775.7
Afu8g06780_aclF	IFM_61118.scaffold_3	96.46	367	1	12	714	1080	20479	20833	2.8e-133	475.1
Afu5g14910_cgnA	IFM_61118.scaffold_357	62.89	159	58	1	190	33	18612	18770	1.2e-11	70.2
Afu5g14910_cgnA	IFM_61118.scaffold_726	60.74	242	89	6	116	355	1103	1340	3.8e-09	61.9
//
Afu8g06780_aclF	IFM_61407.scaffold_199	99.81	1080	2	0	1	1080	36789	37868	0	1493.4
Afu5g14910_cgnA	IFM_61407.scaffold_411	62.00	300	107	7	58	357	4035	4327	1.8e-27	122.8
Afu5g14910_cgnA	IFM_61407.scaffold_723	60.34	179	70	1	181	4	2126	2304	1.2e-11	70.2
Afu5g14910_cgnA	IFM_61407.scaffold_871	65.65	131	45	0	163	33	1	131	2.2e-11	69.4
//
Afu5g14900_hrmA	IFM_61578.scaffold_202	97.13	1710	47	2	1	1710	21883	23590	0	1426.3
Afu5g14910_cgnA	IFM_61578.scaffold_202	77.66	94	16	5	262	169	21788	21876	9.8e-13	73.8
Afu5g14910_cgnA	IFM_61578.scaffold_202	92.78	554	40	0	580	27	23972	24525	1.8e-123	441.7
Afu8g06780_aclF	IFM_61578.scaffold_218	90.52	686	56	9	686	1	1307	1983	0	778.2
Afu8g06780_aclF	IFM_61578.scaffold_218	96.46	367	1	12	1080	714	952	1306	2.8e-133	475.1
//
Afu5g14910_cgnA	IFM_61610.scaffold_2	62.89	159	58	1	190	33	41394	41552	1.2e-11	70.2
Afu8g06780_aclF	IFM_61610.scaffold_28	99.91	1080	1	0	1	1080	38702	39781	0	1495.9
Afu5g14910_cgnA	IFM_61610.scaffold_400	61.75	285	105	4	281	1	902	1186	1.7e-24	112.8
//
//
Afu8g06780_aclF	IFM_62516.scaffold_20	90.52	686	56	9	1	686	37649	38325	0	778.2
Afu8g06780_aclF	IFM_62516.scaffold_20	96.46	367	1	12	714	1080	38326	38680	2.9e-133	475.1
Afu5g14910_cgnA	IFM_62516.scaffold_224	99.23	261	2	0	1	261	43250	43510	1.3e-98	359.1
Afu5g14900_hrmA	IFM_62516.scaffold_273	100.00	1710	0	0	1710	1	810	2519	0	1496.1
Afu5g14910_cgnA	IFM_62516.scaffold_273	100.00	428	0	0	153	580	1	428	1.1e-95	349.4
Afu5g14910_cgnA	IFM_62516.scaffold_273	77.89	95	14	7	169	262	2526	2614	3.8e-12	71.9
Afu5g14910_cgnA	IFM_62516.scaffold_706	62.45	229	86	0	254	26	579	807	3.1e-22	105.4
//
Afu5g14910_cgnA	ISSF_21.scaffold_10	66.20	142	41	7	180	317	520319	520457	5.6e-08	58.0
Afu8g06780_aclF	ISSF_21.scaffold_32	99.91	1080	1	0	1	1080	171394	172473	0	1495.9
//
Afu8g06780_aclF	JCM10253_gbk.BCGY01000006.1	99.81	1080	2	0	1	1080	222600	223679	0	1299.3
//
Afu8g06780_aclF	LMB-35Aa_gbk.MCQI02000216.1	99.72	1080	3	0	1	1080	157817	158896	0	1490.9
//
Afu8g06780_aclF	M128.scaffold_111	99.63	542	2	0	542	1	1	542	1.8e-215	748.2
Afu8g06780_aclF	M128.scaffold_122	96.88	449	2	12	632	1080	1	437	1.4e-133	476.2
Afu5g14910_cgnA	M128.scaffold_448	60.34	179	70	1	181	4	6181	6359	1.2e-11	70.2
//
Afu5g14910_cgnA	MO54056EXP.scaffold_104	66.02	103	34	1	154	53	30017	30119	2.7e-06	52.5
Afu8g06780_aclF	MO54056EXP.scaffold_12	99.81	1080	2	0	1080	1	375245	376324	0	1493.4
//
Afu5g14910_cgnA	MO68507EXP.scaffold_106	62.54	283	102	4	314	32	30369	30647	2.1e-26	119.2
Afu8g06780_aclF	MO68507EXP.scaffold_43	90.52	686	56	9	686	1	151408	152084	0	778.2
Afu8g06780_aclF	MO68507EXP.scaffold_43	96.46	367	1	12	1080	714	151053	151407	2.9e-133	475.1
Afu5g14910_cgnA	MO68507EXP.scaffold_75	76.47	68	16	0	78	145	63958	64025	1.2e-07	56.9
//
Afu5g14910_cgnA	MO69250EXP.scaffold_157	62.45	229	86	0	254	26	707	935	3.1e-22	105.4
Afu5g14910_cgnA	MO69250EXP.scaffold_44	66.02	103	34	1	154	53	226526	226628	2.6e-06	52.5
Afu8g06780_aclF	MO69250EXP.scaffold_5	90.52	686	56	9	1	686	167774	168450	0	778.2
Afu8g06780_aclF	MO69250EXP.scaffold_5	96.46	367	1	12	714	1080	168451	168805	2.9e-133	475.1
Afu5g14910_cgnA	MO69250EXP.scaffold_77	69.05	84	23	3	65	145	36956	37039	8.3e-06	50.8
//
Afu5g14910_cgnA	MO76959EXP.scaffold_178	62.45	229	86	0	254	26	141	369	3.1e-22	105.4
Afu8g06780_aclF	MO76959EXP.scaffold_4	90.52	686	56	9	1	686	167781	168457	0	778.2
Afu8g06780_aclF	MO76959EXP.scaffold_4	96.46	367	1	12	714	1080	168458	168812	2.9e-133	475.1
Afu5g14910_cgnA	MO76959EXP.scaffold_58	66.02	103	34	1	154	53	158418	158520	2.7e-06	52.5
//
Afu8g06780_aclF	MO78722EXP.scaffold_6	90.52	686	56	9	1	686	88885	89561	0	778.2
Afu8g06780_aclF	MO78722EXP.scaffold_6	96.46	367	1	12	714	1080	89562	89916	2.9e-133	475.1
//
Afu8g06780_aclF	MO79587EXP.scaffold_18	99.81	1080	2	0	1	1080	157930	159009	0	1493.4
//
Afu5g14910_cgnA	MO89263LAB.scaffold_163	62.45	229	86	0	254	26	707	935	3.1e-22	105.4
Afu5g14910_cgnA	MO89263LAB.scaffold_46	66.02	103	34	1	53	154	1	103	2.6e-06	52.5
Afu8g06780_aclF	MO89263LAB.scaffold_5	90.52	686	56	9	686	1	677860	678536	0	778.2
Afu8g06780_aclF	MO89263LAB.scaffold_5	96.46	367	1	12	1080	714	677505	677859	2.9e-133	475.1
//
Afu8g06780_aclF	MO91298SB.scaffold_6	99.91	1080	1	0	1080	1	784056	785135	0	1495.9
//
Afu5g14910_cgnA	Mg18-1.scaffold_133	58.97	351	135	9	30	378	6383	6726	4.7e-06	51.6
Afu5g14910_cgnA	Mg18-1.scaffold_133	60.23	176	59	11	197	372	1447	1611	6.9e-07	54.4
Afu8g06780_aclF	Mg18-1.scaffold_24	99.91	1080	1	0	1	1080	55212	56291	0	1495.9
Afu5g14910_cgnA	Mg18-1.scaffold_6	50.88	285	129	53	287	7	231419	231696	1.5e-10	66.6
//
Afu8g06780_aclF	Moose-3_1_2.scaffold_17	90.38	686	57	9	686	1	292198	292874	0	775.7
Afu8g06780_aclF	Moose-3_1_2.scaffold_17	96.46	367	1	12	1080	714	291843	292197	2.9e-133	475.1
//
Afu5g14910_cgnA	Moose_3-1.1.scaffold_2	57.30	274	113	24	337	67	42938	43210	1.5e-19	96.5
//
Afu5g14910_cgnA	NCPF-7811.scaffold_620	62.54	283	102	4	314	32	9402	9680	9.9e-28	123.7
Afu8g06780_aclF	NCPF-7811.scaffold_94	99.81	1080	2	0	1080	1	56366	57445	0	1493.4
//
Afu8g06780_aclF	NCPF-7816.scaffold_59	99.81	1080	2	0	1	1080	38432	39511	0	1493.4
//
Afu5g14900_hrmA	NCPF-7820.scaffold_1177	57.14	259	99	12	39	290	953	1206	1.9e-10	67.9
Afu5g14900_hrmA	NCPF-7820.scaffold_1177	58.03	274	111	4	846	1117	1706	1977	1.9e-10	67.9
Afu5g14910_cgnA	NCPF-7820.scaffold_1371	66.67	105	34	1	154	51	1291	1395	8.9e-08	57.5
Afu5g14910_cgnA	NCPF-7820.scaffold_1876	60.94	233	88	3	367	138	116	348	3.3e-11	68.9
Afu8g06780_aclF	NCPF-7820.scaffold_345	99.81	1080	2	0	1080	1	24240	25319	0	1493.4
//
Afu8g06780_aclF	NCPF-7822.scaffold_148	90.52	686	56	9	686	1	29509	30185	0	778.2
Afu8g06780_aclF	NCPF-7822.scaffold_148	96.46	367	1	12	1080	714	29154	29508	2.8e-133	475.1
//
Afu5g14910_cgnA	Oryx-1.scaffold_11	62.89	159	58	1	33	190	418402	418560	1.2e-11	70.2
Afu8g06780_aclF	Oryx-1.scaffold_23	99.91	1080	1	0	1	1080	38513	39592	0	1495.9
Afu5g14910_cgnA	Oryx-1.scaffold_35	76.47	68	16	0	78	145	2057	2124	1.2e-07	56.9
//
Afu8g06780_aclF	RSF2S8.scaffold_106	99.82	557	1	0	1	557	92449	93005	0	771.5
Afu8g06780_aclF	RSF2S8.scaffold_163	99.77	433	1	0	648	1080	1	433	8.7e-171	599.8
//
Afu8g06780_aclF	SF1S5.scaffold_100	99.78	449	1	0	1080	632	82357	82805	1.8e-177	621.9
Afu8g06780_aclF	SF1S5.scaffold_52	99.83	582	1	0	582	1	1	582	0	806.1
//
Afu8g06780_aclF	SF1S6.scaffold_100	96.93	456	2	12	1080	625	81051	81494	1.3e-133	476.2
Afu5g14910_cgnA	SF1S6.scaffold_273	60.36	222	86	2	138	357	34	255	3.1e-11	68.9
Afu8g06780_aclF	SF1S6.scaffold_52	96.61	590	17	3	590	1	17	603	5.5e-221	766.5
Afu5g14900_hrmA	SF1S6.scaffold_55	100.00	1710	0	0	1710	1	145814	147523	0	1496.1
Afu5g14910_cgnA	SF1S6.scaffold_55	100.00	253	0	0	328	580	145180	145432	4.5e-35	148.0
Afu5g14910_cgnA	SF1S6.scaffold_55	77.89	95	14	7	169	262	147530	147618	3.8e-12	71.9
Afu5g14910_cgnA	SF1S6.scaffold_55	78.07	374	68	54	1	361	144807	145179	4.1e-91	334.2
//
Afu8g06780_aclF	SF2S6.scaffold_128	99.62	265	1	0	265	1	46	310	9.6e-101	367.1
Afu5g14910_cgnA	SF2S6.scaffold_30	59.57	188	75	1	4	190	41104	41291	1.5e-11	69.9
Afu8g06780_aclF	SF2S6.scaffold_96	99.78	446	1	0	635	1080	1	446	3.3e-176	617.8
//
Afu8g06780_aclF	SF2S9.scaffold_128	93.93	626	32	6	623	1	8	630	0	768.2
Afu5g14910_cgnA	SF2S9.scaffold_159	65.04	123	42	1	51	172	40546	40668	2.6e-09	62.4
Afu8g06780_aclF	SF2S9.scaffold_200	96.75	431	2	12	650	1080	1	419	2.4e-131	468.7
Afu5g14910_cgnA	SF2S9.scaffold_368	55.71	280	122	2	371	94	1796	2075	9.9e-12	70.5
//
Afu5g14910_cgnA	SF3S1.scaffold_172	67.96	103	32	1	150	49	6929	7031	6.8e-08	57.7
Afu5g14910_cgnA	SF3S1.scaffold_35	63.33	150	54	1	181	33	226536	226685	1.4e-11	69.9
Afu8g06780_aclF	SF3S1.scaffold_43	99.78	452	1	0	629	1080	1	452	1e-178	626.1
Afu8g06780_aclF	SF3S1.scaffold_56	100.00	595	0	0	1	595	164687	165281	0	826.6
//
Afu8g06780_aclF	SF3S10.scaffold_131	100.00	637	0	0	1	637	34874	35510	0	884.8
Afu5g14910_cgnA	SF3S10.scaffold_37	63.33	150	54	1	33	181	40477	40626	1.4e-11	69.9
Afu8g06780_aclF	SF3S10.scaffold_47	99.77	433	1	0	1080	648	212773	213205	8.6e-171	599.8
Afu5g14910_cgnA	SF3S10.scaffold_50	67.23	119	35	4	144	258	201724	201842	1.5e-07	56.6
//
Afu8g06780_aclF	SF4S10.scaffold_114	99.78	458	1	0	1080	623	83264	83721	3.3e-181	634.4
Afu8g06780_aclF	SF4S10.scaffold_49	99.83	581	1	0	1	581	175741	176321	0	804.7
//
//
Afu5g14910_cgnA	TP12.scaffold_26	67.29	107	32	3	177	74	4324	4430	1.9e-06	53.0
Afu5g14910_cgnA	TP12.scaffold_365	62.03	158	54	6	7	163	8079	8231	4.2e-10	65.2
Afu5g14900_hrmA	TP12.scaffold_551	54.84	341	136	18	395	64	5413	5744	2.3e-11	71.0
Afu5g14900_hrmA	TP12.scaffold_551	56.92	260	105	7	1118	864	4654	4911	2.3e-11	71.0
Afu5g14900_hrmA	TP12.scaffold_551	57.49	327	124	15	1480	1167	4329	4653	2.3e-11	71.0
Afu8g06780_aclF	TP12.scaffold_584	100.00	1080	0	0	1080	1	1441	2520	0	1498.3
Afu5g14900_hrmA	TP12.scaffold_664	100.00	1710	0	0	1710	1	153	1862	0	1496.1
Afu5g14910_cgnA	TP12.scaffold_664	77.89	95	14	7	169	262	1869	1957	4.2e-12	71.9
Afu5g14910_cgnA	TP12.scaffold_722	98.39	124	2	0	1	124	2476	2599	1.9e-41	169.4
//
Afu5g14910_cgnA	TP32.scaffold_212	63.89	144	47	5	145	7	6778	6921	3.1e-09	62.2
Afu8g06780_aclF	TP32.scaffold_24	99.72	1080	3	0	1080	1	126681	127760	0	1490.9
//
Afu8g06780_aclF	Z5_gbk.KQ087367.1	100.00	70	0	0	1011	1080	299681	299750	3.2e-19	96.3
Afu8g06780_aclF	Z5_gbk.KQ087367.1	99.91	1080	1	0	1	1080	298671	299750	0	1266.4
Afu5g14910_cgnA	Z5_gbk.KQ087374.1	64.05	153	50	5	7	154	118627	118779	1.4e-10	66.7
//
Afu5g14910_cgnA	akuBKU80.scaffold_1649	60.94	233	88	3	138	367	1140	1372	4e-11	68.8
Afu5g14900_hrmA	akuBKU80.scaffold_1893	57.14	259	99	12	39	290	115	368	2.2e-10	67.9
Afu5g14900_hrmA	akuBKU80.scaffold_1893	58.03	274	111	4	846	1117	868	1139	2.2e-10	67.9
Afu8g06780_aclF	akuBKU80.scaffold_20	90.52	686	56	9	1	686	38411	39087	0	778.2
Afu8g06780_aclF	akuBKU80.scaffold_20	96.46	367	1	12	714	1080	39088	39442	3.6e-133	475.1
Afu5g14910_cgnA	akuBKU80.scaffold_214	65.15	132	45	1	181	51	6773	6904	1e-10	67.4
Afu8g06780_aclF	akuBKU80.scaffold_2397	53.85	273	116	10	527	797	564	828	3.6e-06	53.3
Afu5g14900_hrmA	akuBKU80.scaffold_456	100.00	1710	0	0	1710	1	7465	9174	0	1496.1
Afu5g14910_cgnA	akuBKU80.scaffold_456	77.89	95	14	7	169	262	9181	9269	4.9e-12	71.9
Afu5g14910_cgnA	akuBKU80.scaffold_456	99.18	366	3	0	215	580	6718	7083	1.7e-67	256.1
//
