cgnA_Afu5g14910	IFM_55369.scaffold_1	95.54	112	2	3	1	109	363204	363536	8.9e-23	114.0
cgnA_Afu5g14910	ERR769498.scaffold_41	84.48	116	11	7	1	109	37132	37474	3.9e-19	102.3
cgnA_Afu5g14910	IFM_62516.scaffold_224	97.70	87	2	0	1	87	43250	43507	1.3e-17	95.4
cgnA_Afu5g14910	IFM_61578.scaffold_202	62.43	181	12	56	1	131	24533	24014	3.9e-17	93.9
cgnA_Afu5g14910	B52_25.scaffold_31	78.83	137	1	28	1	109	25561	25156	4.3e-17	95.5
cgnA_Afu5g14910	DRR022926.scaffold_97	66.29	178	20	40	1	138	21802	21280	1.5e-16	92.5
cgnA_Afu5g14910	DRR022927.scaffold_125	66.10	177	20	40	1	137	21802	21283	1.5e-16	92.5
cgnA_Afu5g14910	DRR022925.scaffold_93	66.10	177	20	40	1	137	21802	21283	1.6e-16	92.6
cgnA_Afu5g14910	IFM_59361.scaffold_93	66.48	179	20	40	1	139	87383	87908	2e-16	92.8
cgnA_Afu5g14910	IFM_59355-2.scaffold_1	72.52	131	14	22	1	109	363082	363469	4.5e-16	92.1
cgnA_Afu5g14910	ERR769504.scaffold_83	84.38	128	1	19	1	109	32470	32092	4.5e-16	89.9
cgnA_Afu5g14910	IFM_59356-3.scaffold_21	81.68	131	2	22	1	109	142505	142892	4.9e-16	92.0
cgnA_Afu5g14910	SRR068950.scaffold_41	83.61	122	7	13	1	109	237864	238224	1.6e-15	89.6
cgnA_Afu5g14910	A1163.scf_000006_A_fumigatus_A1163	66.29	175	27	32	1	143	1975162	1974643	2.1e-15	89.9
cgnA_Afu5g14910	COH880.scaffold_68	65.71	175	28	32	1	143	74670	74151	4.7e-15	88.7
cgnA_Afu5g14910	AFIS1435CDC_6.scaffold_67	65.52	174	29	31	1	143	74652	74142	4e-14	85.6
cgnA_Afu5g14910	SRR7418931.scaffold_246	98.61	72	1	0	1	72	223	11	9.7e-14	82.4
cgnA_Afu5g14910	SRR7418935.scaffold_49	65.68	169	31	27	1	143	126241	125749	2e-13	83.2
cgnA_Afu5g14910	Afum_niveus_RP2014_gbk.JHOI01000386.1	95.89	73	3	0	1	73	220	5	2.4e-13	80.7
cgnA_Afu5g14910	AF_12.scaffold_2	72.52	131	14	22	1	109	297839	298226	3.1e-11	76.1
cgnA_Afu5g14910	IFM_59356-1.scaffold_6	71.76	131	15	22	1	109	131047	130660	2e-10	73.4
cgnA_Afu5g14910	IFM_59355-1.scaffold_5	71.76	131	15	22	1	109	125412	125025	2e-10	73.4
cgnA_Afu5g14910	IFM_62516.scaffold_273	100.00	58	0	0	52	109	2	172	3.4e-10	70.5
cgnA_Afu5g14910	B10_20.scaffold_161	41.30	138	74	7	10	142	3546	3142	7.4e-10	66.1
cgnA_Afu5g14910	SRR617724.scaffold_146	41.30	138	74	7	10	142	3700	3296	1.4e-09	66.7
cgnA_Afu5g14910	SRR617721.scaffold_162	41.30	138	74	7	10	142	3756	3352	1.4e-09	66.7
cgnA_Afu5g14910	SRR617720.scaffold_173	41.30	138	74	7	10	142	3702	3298	1.5e-09	66.7
cgnA_Afu5g14910	SRR7418934.scaffold_468	57.35	136	47	11	1	125	2221	2623	2e-09	66.0
cgnA_Afu5g14910	IFM_59056.scaffold_346	41.30	138	74	7	10	142	6406	6810	2e-09	65.6
cgnA_Afu5g14910	IFM_61578.scaffold_488	41.30	138	74	7	10	142	859	455	2.1e-09	65.7
cgnA_Afu5g14910	B54_13.scaffold_157	41.30	138	74	7	10	142	3775	3371	2.6e-09	65.8
cgnA_Afu5g14910	SRR068950.scaffold_202	40.74	135	76	4	10	142	6334	6729	3.5e-09	64.7
cgnA_Afu5g14910	Af10_gbk.AFXL01000223.1	48.96	96	49	0	10	105	488	204	1.2e-08	64.9
cgnA_Afu5g14910	A1163.scf_000004_A_fumigatus_A1163	40.74	135	76	4	10	142	3790033	3790428	1.3e-08	65.8
cgnA_Afu5g14910	IFM_62516.scaffold_647	38.76	129	77	2	9	137	1082	705	3e-08	60.3
cgnA_Afu5g14910	IFM_59359.scaffold_859	100.00	46	0	0	64	109	1	135	1.6e-07	58.0
cgnA_Afu5g14910	SRR7418932.scaffold_456	51.37	146	54	17	1	143	6693	7077	2.2e-07	59.7
cgnA_Afu5g14910	Mo_3_1_1.scaffold_2	56.38	94	41	0	11	104	42927	43205	4.9e-07	62.1
cgnA_Afu5g14910	SRR7418942.scaffold_773	97.78	45	1	0	1	45	1341	1472	5.1e-07	55.4
cgnA_Afu5g14910	IFM_59359.scaffold_170	97.92	48	1	0	1	48	146	6	5.7e-07	60.3
cgnA_Afu5g14910	SRR5676587.scaffold_133	42.28	123	46	25	9	106	6979	7342	1.6e-06	56.1
cgnA_Afu5g14910	IFM_61578.scaffold_541	37.89	95	59	0	11	105	2758	2477	1.6e-06	55.4
cgnA_Afu5g14910	C56A1_11.scaffold_565	41.32	121	59	12	9	117	3906	3551	1.8e-06	56.4
cgnA_Afu5g14910	Moose_3_1_2.scaffold_228	41.32	121	59	12	9	117	7001	7356	1.9e-06	56.4
cgnA_Afu5g14910	ERR769510.scaffold_107	42.28	123	46	25	9	106	6985	7348	2e-06	56.2
cgnA_Afu5g14910	SRR7418942.scaffold_513	95.56	45	2	0	65	109	6513	6382	2.2e-06	55.4
cgnA_Afu5g14910	IFM_61407.scaffold_595	37.89	95	59	0	11	105	5597	5878	2.3e-06	55.7
cgnA_Afu5g14910	COH400.scaffold_179	37.89	95	59	0	11	105	6232	6513	2.7e-06	55.8
cgnA_Afu5g14910	Af10_gbk.AFXL01000290.1	37.89	95	59	0	11	105	3890	3609	2.8e-06	55.9
cgnA_Afu5g14910	SRR617735.scaffold_173	37.89	95	59	0	11	105	6668	6949	2.9e-06	55.9
cgnA_Afu5g14910	B18_8.scaffold_174	37.89	95	59	0	11	105	3971	3690	3e-06	55.9
cgnA_Afu5g14910	AF_12.scaffold_110	37.89	95	59	0	11	105	14566	14847	3.9e-06	56.1
cgnA_Afu5g14910	COH1192.scaffold_82	37.89	95	59	0	11	105	14565	14846	3.9e-06	56.1
cgnA_Afu5g14910	SRR068950.scaffold_147	37.89	95	59	0	11	105	14626	14907	4e-06	56.1
cgnA_Afu5g14910	SRR7418932.scaffold_2038	39.71	136	75	7	12	142	1119	1509	4.6e-06	52.3
cgnA_Afu5g14910	IFM_61407.scaffold_411	39.71	136	75	7	12	142	17259	17649	4.7e-06	55.8
cgnA_Afu5g14910	Afum_niveus_RP2014_gbk.JHOI01000217.1	56.52	115	0	50	79	143	3	342	4.8e-06	54.5
cgnA_Afu5g14910	SRR5676588.scaffold_102	37.89	95	59	0	11	105	15176	14895	5.2e-06	56.3
cgnA_Afu5g14910	B52_16.scaffold_143	36.72	128	78	3	10	137	3920	3549	5.3e-06	55.3
cgnA_Afu5g14910	IFM_59356-2.scaffold_795	100.00	41	0	0	69	109	3	122	6.2e-06	53.6
cgnA_Afu5g14910	SRR5676593.scaffold_84	37.89	95	59	0	11	105	41046	40765	7.9e-06	56.7
cgnA_Afu5g14910	SRR5676589.scaffold_84	37.89	95	59	0	11	105	14626	14907	8e-06	56.7
hrmAp_Afu5g14900	IFM_59359.scaffold_859	95.01	381	0	19	1	362	2482	1347	2.8e-144	513.6
hrmAp_Afu5g14900	SRR7418940.scaffold_664	95.01	381	0	19	1	362	1862	727	3.5e-144	513.6
hrmAp_Afu5g14900	IFM_59356-2.scaffold_795	95.01	381	0	19	1	362	2469	1334	5e-144	513.7
hrmAp_Afu5g14900	SRR7418942.scaffold_513	95.01	381	0	19	1	362	4035	5170	6e-144	513.7
hrmAp_Afu5g14900	Afum_niveus_RP2014_gbk.JHOI01000217.1	95.01	381	0	19	1	362	2439	1304	7.1e-144	513.7
hrmAp_Afu5g14900	SRR7418934.scaffold_468	95.01	381	0	19	1	362	4774	3639	8.3e-144	513.7
hrmAp_Afu5g14900	SRR7418932.scaffold_456	95.01	381	0	19	1	362	9174	8039	1.2e-143	513.8
hrmAp_Afu5g14900	SRR7418931.scaffold_308	95.01	381	0	19	1	362	23408	24543	2.2e-143	513.9
hrmAp_Afu5g14900	ERR769504.scaffold_83	95.01	381	0	19	1	362	29745	30880	2.8e-143	513.9
hrmAp_Afu5g14900	IFM_62516.scaffold_273	95.01	381	0	19	1	362	2519	1384	2.9e-143	513.9
hrmAp_Afu5g14900	DRR022926.scaffold_97	95.01	381	0	19	1	362	19168	20303	5.1e-143	514.0
hrmAp_Afu5g14900	DRR022927.scaffold_125	95.01	381	0	19	1	362	19168	20303	5.1e-143	514.0
hrmAp_Afu5g14900	DRR022925.scaffold_93	95.01	381	0	19	1	362	19168	20303	6e-143	514.0
hrmAp_Afu5g14900	SRR068950.scaffold_41	95.01	381	0	19	1	362	240571	239436	7.2e-143	514.0
hrmAp_Afu5g14900	IFM_59361.scaffold_93	95.01	381	0	19	1	362	90017	88882	8.2e-143	514.0
hrmAp_Afu5g14900	IFM_55369.scaffold_1	95.01	381	0	19	1	362	365883	364748	8.4e-143	514.0
hrmAp_Afu5g14900	SRR7418935.scaffold_49	95.01	381	0	19	1	362	123652	124787	9.8e-143	514.0
hrmAp_Afu5g14900	AFIS1435CDC_6.scaffold_67	95.01	381	0	19	1	362	72045	73180	1.1e-142	514.0
hrmAp_Afu5g14900	COH880.scaffold_68	95.01	381	0	19	1	362	72054	73189	1.1e-142	514.0
hrmAp_Afu5g14900	IFM_59355-1.scaffold_5	95.01	381	0	19	1	362	122678	123813	1.1e-142	514.0
hrmAp_Afu5g14900	ERR769498.scaffold_41	95.01	381	0	19	1	362	39821	38686	1.1e-142	514.0
hrmAp_Afu5g14900	IFM_59356-1.scaffold_6	95.01	381	0	19	1	362	128313	129448	1.1e-142	514.0
hrmAp_Afu5g14900	AF_12.scaffold_2	95.01	381	0	19	1	362	300573	299438	1.1e-142	514.0
hrmAp_Afu5g14900	IFM_59356-3.scaffold_21	95.01	381	0	19	1	362	145239	144104	1.1e-142	514.0
hrmAp_Afu5g14900	IFM_59355-2.scaffold_1	95.01	381	0	19	1	362	365816	364681	1.1e-142	514.0
hrmAp_Afu5g14900	A1163.scf_000006_A_fumigatus_A1163	95.01	381	0	19	1	362	1972546	1973681	1.1e-142	514.0
hrmAp_Afu5g14900	B52_25.scaffold_31	95.01	381	0	19	1	362	22809	23944	1.1e-142	514.0
hrmAp_Afu5g14900	IFM_61578.scaffold_202	90.55	381	17	19	1	362	21883	23018	2.6e-137	494.5
hrmAp_Afu5g14900	SRR7418942.scaffold_815	34.67	349	220	8	11	355	50	1081	1.2e-43	178.1
hrmAp_Afu5g14900	SRR7418932.scaffold_1893	34.67	349	220	8	11	355	106	1137	1.7e-43	178.1
hrmAp_Afu5g14900	ERR769507.scaffold_157	34.67	349	220	8	11	355	8094	9125	8.3e-43	178.3
hrmAp_Afu5g14900	SRR7418940.scaffold_508	34.67	349	220	8	11	355	10068	9037	8.7e-43	178.3
hrmAp_Afu5g14900	DRR022926.scaffold_27	34.67	349	220	8	11	355	330507	329476	2.5e-42	178.4
hrmAp_Afu5g14900	ERR769501.scaffold_108	34.67	349	220	8	11	355	16950	15919	2.7e-42	178.5
hrmAp_Afu5g14900	Z5_gbk.KQ087374.1	34.96	349	219	8	11	355	121003	122034	2.7e-42	180.6
hrmAp_Afu5g14900	SRR7418934.scaffold_257	34.67	349	220	8	11	355	34925	33894	2.7e-42	178.5
hrmAp_Afu5g14900	B75_30.scaffold_105	34.67	349	220	8	11	355	34935	33904	2.9e-42	178.5
hrmAp_Afu5g14900	SRR5676590.scaffold_71	34.67	349	220	8	11	355	25178	26209	3.3e-42	178.5
hrmAp_Afu5g14900	SRR617731.scaffold_15	34.67	349	220	8	11	355	322367	321336	4.6e-42	178.5
hrmAp_Afu5g14900	COH400.scaffold_116	34.67	349	220	8	11	355	34134	33103	4.6e-42	178.5
hrmAp_Afu5g14900	SRR5676587.scaffold_47	34.67	349	220	8	11	355	224920	223889	5.7e-42	178.5
hrmAp_Afu5g14900	SRR7418947.scaffold_108	34.67	349	220	8	11	355	34168	33137	6.1e-42	178.5
hrmAp_Afu5g14900	SRR7418939.scaffold_100	34.67	349	220	8	11	355	49908	50939	6.1e-42	178.6
hrmAp_Afu5g14900	SRR5676593.scaffold_70	34.67	349	220	8	11	355	87570	86539	6.5e-42	178.6
hrmAp_Afu5g14900	SRR5676588.scaffold_77	34.67	349	220	8	11	355	2300	3331	6.5e-42	178.6
hrmAp_Afu5g14900	SRR068950.scaffold_91	34.67	349	220	8	11	355	34903	33872	6.9e-42	178.6
hrmAp_Afu5g14900	ERR769499.scaffold_9	34.67	349	220	8	11	355	467197	466166	7.1e-42	178.6
hrmAp_Afu5g14900	COH880.scaffold_88	34.67	349	220	8	11	355	65776	64745	7.8e-42	178.6
hrmAp_Afu5g14900	DRR022927.scaffold_90	34.67	349	220	8	11	355	65171	66202	7.9e-42	178.6
hrmAp_Afu5g14900	SRR5676589.scaffold_68	34.67	349	220	8	11	355	113106	112075	8.2e-42	178.6
hrmAp_Afu5g14900	SRR617727.scaffold_48	34.67	349	220	8	11	355	80027	81058	8.6e-42	178.9
hrmAp_Afu5g14900	IFM_59361.scaffold_62	34.67	349	220	8	11	355	4735	3704	9.9e-42	178.6
hrmAp_Afu5g14900	ERR769515.scaffold_18	34.67	349	220	8	11	355	430222	431253	1e-41	178.6
hrmAp_Afu5g14900	ERR769518.scaffold_19	34.67	349	220	8	11	355	430219	431250	1e-41	178.6
hrmAp_Afu5g14900	SRR617733.scaffold_16	34.67	349	220	8	11	355	279074	278043	1e-41	178.6
hrmAp_Afu5g14900	ERR769511.scaffold_53	34.67	349	220	8	11	355	78237	79268	1e-41	178.6
hrmAp_Afu5g14900	Af210_gbk.AFXM01000147.1	34.67	349	220	8	11	355	78456	79487	1e-41	178.6
hrmAp_Afu5g14900	ERR769517.scaffold_19	34.67	349	220	8	11	355	19240	18209	1e-41	178.6
hrmAp_Afu5g14900	SRR7418935.scaffold_36	34.67	349	220	8	11	355	45988	47019	1e-41	178.6
hrmAp_Afu5g14900	A1163.scf_000003_A_fumigatus_A1163	34.67	349	220	8	11	355	3016956	3015925	1e-41	178.6
hrmAp_Afu5g14900	A1163.scf_000003_A_fumigatus_A1163	31.23	349	232	8	11	355	3121047	3120016	4.7e-33	149.9
hrmAp_Afu5g14900	SRR617738.scaffold_60	34.67	349	220	8	11	355	78577	79608	1e-41	178.6
hrmAp_Afu5g14900	ERR769520.scaffold_8	34.67	349	220	8	11	355	430222	431253	1e-41	178.6
hrmAp_Afu5g14900	ERR769510.scaffold_6	34.67	349	220	8	11	355	237377	238408	1e-41	178.6
hrmAp_Afu5g14900	DRR022925.scaffold_45	34.67	349	220	8	11	355	45235	44204	1e-41	178.6
hrmAp_Afu5g14900	ERR769521.scaffold_21	34.67	349	220	8	11	355	430315	431346	1e-41	178.6
hrmAp_Afu5g14900	SRR617741.scaffold_45	34.67	349	220	8	11	355	78240	79271	1e-41	178.6
hrmAp_Afu5g14900	ERR769519.scaffold_24	34.67	349	220	8	11	355	19173	18142	1e-41	178.6
hrmAp_Afu5g14900	B54_13.scaffold_29	34.67	349	220	8	11	355	34925	33894	1e-41	178.6
hrmAp_Afu5g14900	SRR5676586.scaffold_1	34.67	349	220	8	11	355	941714	940683	1e-41	178.6
hrmAp_Afu5g14900	ERR769514.scaffold_19	34.67	349	220	8	11	355	19240	18209	1e-41	178.6
hrmAp_Afu5g14900	ERR769516.scaffold_18	34.67	349	220	8	11	355	430197	431228	1e-41	178.6
hrmAp_Afu5g14900	SRR7418928.scaffold_12	34.67	349	220	8	11	355	143145	144176	1e-41	178.6
hrmAp_Afu5g14900	SRR617725.scaffold_3	34.67	349	220	8	11	355	517842	518873	1e-41	178.6
hrmAp_Afu5g14900	SRR7418946.scaffold_212	34.67	349	220	8	11	355	4554	3523	1.1e-41	176.8
hrmAp_Afu5g14900	SRR7418923.scaffold_549	35.28	326	203	8	34	355	4	966	1.7e-41	171.1
hrmAp_Afu5g14900	B52_25.scaffold_14	34.67	349	220	8	11	355	4666	3635	3.4e-41	176.9
hrmAp_Afu5g14900	Afum_niveus_RP2014_gbk.JHOI01000324.1	34.57	350	220	9	11	355	14876	15906	4.1e-41	173.6
hrmAp_Afu5g14900	SRR7418924.scaffold_296	34.57	350	220	9	11	355	4552	3522	6.1e-41	173.6
hrmAp_Afu5g14900	SRR7418948.scaffold_289	34.57	350	220	9	11	355	23251	24281	6.1e-41	173.6
hrmAp_Afu5g14900	SRR7418930.scaffold_297	34.57	350	220	9	11	355	23830	24860	6.2e-41	173.6
hrmAp_Afu5g14900	SRR7418926.scaffold_281	34.57	350	220	9	11	355	30363	31393	7.5e-41	173.7
hrmAp_Afu5g14900	SRR7418925.scaffold_248	34.57	350	220	9	11	355	30382	31412	7.5e-41	173.7
hrmAp_Afu5g14900	SRR7418929.scaffold_267	34.57	350	220	9	11	355	30527	31557	7.5e-41	173.7
hrmAp_Afu5g14900	SRR7418933.scaffold_31	34.57	350	220	9	11	355	181262	182292	7.8e-41	173.7
hrmAp_Afu5g14900	SRR7418927.scaffold_150	34.57	350	220	9	11	355	61554	62584	1.4e-40	173.7
hrmAp_Afu5g14900	SRR617734.scaffold_41	34.57	350	220	9	11	355	94311	93281	2.3e-40	173.8
hrmAp_Afu5g14900	LMB-35Aa_gbk.MCQI02000147.1	34.57	350	220	9	11	355	57487	56457	2.9e-40	173.8
hrmAp_Afu5g14900	SRR7418922.scaffold_25	34.57	350	220	9	11	355	4547	3517	2.9e-40	173.8
hrmAp_Afu5g14900	B10_20.scaffold_2	33.24	349	225	8	11	355	737451	738482	9.4e-39	168.7
hrmAp_Afu5g14900	COH762.scaffold_3	33.24	349	225	8	11	355	4656	3625	9.7e-39	168.7
hrmAp_Afu5g14900	AFIS1435CDC_6.scaffold_3	33.24	349	225	8	11	355	4681	3650	9.7e-39	168.7
hrmAp_Afu5g14900	SRR4002443.scaffold_26	33.24	349	225	8	11	355	25439	24408	1.4e-38	168.2
hrmAp_Afu5g14900	ERR769508.scaffold_29	31.81	349	230	8	11	355	164587	163556	2.7e-37	164.0
hrmAp_Afu5g14900	HMR_AF706_gbk.NKHS01000211.1	32.38	349	228	8	11	355	4547	3516	4.3e-37	161.6
hrmAp_Afu5g14900	B72_15.scaffold_48	32.38	349	228	8	11	355	229500	230531	7.6e-37	161.6
hrmAp_Afu5g14900	SRR4002444.scaffold_19	32.38	349	228	8	11	355	127351	126320	1.3e-36	161.7
hrmAp_Afu5g14900	AFCDC_1.scaffold_12	32.38	349	228	8	11	355	4663	3632	1.3e-36	161.7
hrmAp_Afu5g14900	IF1SW-F4_gbk.LWRU01000008.1	32.38	349	228	8	11	355	39231	38200	1.3e-36	161.7
hrmAp_Afu5g14900	IFM_61610.scaffold_2	32.38	349	228	8	11	355	39173	38142	1.3e-36	161.7
hrmAp_Afu5g14900	Oryx_1.scaffold_11	32.38	349	228	8	11	355	420781	421812	1.6e-36	161.1
hrmAp_Afu5g14900	IFM_59073.scaffold_34	32.38	349	228	8	11	355	16864	15833	1.9e-36	161.1
hrmAp_Afu5g14900	SRR617745.scaffold_27	32.38	349	228	8	11	355	114553	113522	1.9e-36	161.1
hrmAp_Afu5g14900	SRR617721.scaffold_19	32.38	349	228	8	11	355	205258	204227	1.9e-36	161.1
hrmAp_Afu5g14900	B7_CDC_7.scaffold_22	32.38	349	228	8	11	355	85049	84018	1.9e-36	161.1
hrmAp_Afu5g14900	SRR617724.scaffold_21	32.38	349	228	8	11	355	205286	204255	1.9e-36	161.1
hrmAp_Afu5g14900	SRR617720.scaffold_27	32.38	349	228	8	11	355	196636	197667	1.9e-36	161.1
hrmAp_Afu5g14900	IFM_61407.scaffold_860	32.09	349	229	8	11	355	1379	2410	2.1e-36	155.4
hrmAp_Afu5g14900	B6_CDC_4.scaffold_18	32.38	349	228	8	11	355	343603	344634	3.6e-36	159.4
hrmAp_Afu5g14900	B6894CDC_5.scaffold_47	32.38	349	228	8	11	355	4677	3646	6.1e-36	159.4
hrmAp_Afu5g14900	COH913.scaffold_12	31.81	349	230	8	11	355	300344	301375	1.9e-35	153.2
hrmAp_Afu5g14900	COH400.scaffold_17	32.09	349	229	8	11	355	380674	381705	5.1e-35	155.7
hrmAp_Afu5g14900	SRR7418942.scaffold_794	31.23	349	232	8	11	355	1176	145	6e-35	149.4
hrmAp_Afu5g14900	AF_0667.scaffold_23	32.09	349	229	8	11	355	372618	373649	6e-35	155.7
hrmAp_Afu5g14900	AF_1200.scaffold_15	32.09	349	229	8	11	355	205412	204381	7.8e-35	155.8
hrmAp_Afu5g14900	AF_1869.scaffold_23	32.09	349	229	8	11	355	39235	38204	7.8e-35	155.8
hrmAp_Afu5g14900	AF_13_14.scaffold_21	32.09	349	229	8	11	355	68497	67466	7.8e-35	155.8
hrmAp_Afu5g14900	SRR5676588.scaffold_58	31.23	349	232	8	11	355	156197	155166	3.5e-34	149.6
hrmAp_Afu5g14900	IFM_58026.scaffold_526	31.91	351	230	9	10	355	3137	2104	3.6e-34	149.9
hrmAp_Afu5g14900	IFM_61407.scaffold_569	31.23	349	232	8	11	355	207	1238	3.7e-34	149.6
hrmAp_Afu5g14900	SRR617732.scaffold_5	31.81	349	230	8	11	355	507292	506261	3.7e-34	153.5
hrmAp_Afu5g14900	B7594CDC_27.scaffold_28	31.81	349	230	8	11	355	4671	3640	3.7e-34	153.5
hrmAp_Afu5g14900	SRR617739.scaffold_14	31.81	349	230	8	11	355	302211	303242	3.7e-34	153.5
hrmAp_Afu5g14900	SRR617740.scaffold_13	31.81	349	230	8	11	355	127354	126323	3.7e-34	153.5
hrmAp_Afu5g14900	B75_30.scaffold_128	31.23	349	232	8	11	355	2346	3377	5.5e-34	149.6
hrmAp_Afu5g14900	SRR7418939.scaffold_448	31.23	349	232	8	11	355	12449	11418	5.5e-34	149.6
hrmAp_Afu5g14900	SRR068950.scaffold_62	31.23	349	232	8	11	355	153247	154278	6e-34	149.6
hrmAp_Afu5g14900	IFM_60514.scaffold_315	31.23	349	232	8	11	355	16208	15177	6.1e-34	149.6
hrmAp_Afu5g14900	B54_13.scaffold_13	31.23	349	232	8	11	355	454286	455317	6.7e-34	149.6
hrmAp_Afu5g14900	IFM_61118.scaffold_357	31.23	349	232	8	11	355	16391	15360	9e-34	149.7
hrmAp_Afu5g14900	SRR5676587.scaffold_104	31.23	349	232	8	11	355	27796	26765	1.1e-33	149.7
hrmAp_Afu5g14900	Af10_gbk.AFXL01000192.1	31.23	349	232	8	11	355	11337	12368	1.4e-33	149.7
hrmAp_Afu5g14900	SRR617735.scaffold_135	31.23	349	232	8	11	355	28304	27273	1.4e-33	149.7
hrmAp_Afu5g14900	SRR7418934.scaffold_211	31.23	349	232	8	11	355	4549	3518	1.6e-33	149.7
hrmAp_Afu5g14900	SRR7418932.scaffold_214	31.23	349	232	8	11	355	4552	3521	1.6e-33	149.7
hrmAp_Afu5g14900	SRR5676589.scaffold_44	31.23	349	232	8	11	355	224305	223274	2.5e-33	149.8
hrmAp_Afu5g14900	SRR7418949.scaffold_63	31.23	349	232	8	11	355	118288	119319	3.9e-33	149.8
hrmAp_Afu5g14900	SRR7418945.scaffold_7	31.23	349	232	8	11	355	238470	239501	4.1e-33	149.8
hrmAp_Afu5g14900	COH371.scaffold_16	31.23	349	232	8	11	355	39225	38194	4.7e-33	149.9
hrmAp_Afu5g14900	COH1192.scaffold_21	31.23	349	232	8	11	355	62581	61550	4.7e-33	149.9
hrmAp_Afu5g14900	B5258CDC_22.scaffold_16	31.23	349	232	8	11	355	39227	38196	4.7e-33	149.9
hrmAp_Afu5g14900	B52_28.scaffold_15	31.23	349	232	8	11	355	68470	67439	4.7e-33	149.9
hrmAp_Afu5g14900	SRR5676593.scaffold_46	31.23	349	232	8	11	355	2324	3355	4.7e-33	149.9
hrmAp_Afu5g14900	B18_8.scaffold_36	31.23	349	232	8	11	355	39397	38366	4.7e-33	149.9
hrmAp_Afu5g14900	SRR617743.scaffold_8	31.23	349	232	8	11	355	28314	27283	4.7e-33	149.9
hrmAp_Afu5g14900	SRR617729.scaffold_13	31.23	349	232	8	11	355	207186	206155	4.7e-33	149.9
hrmAp_Afu5g14900	COH934.scaffold_34	30.66	349	234	8	11	355	157934	158965	9.6e-32	142.0
hrmAp_Afu5g14900	SRR7418940.scaffold_365	30.17	348	235	8	11	354	10452	11480	1.3e-31	142.3
hrmAp_Afu5g14900	B5960CDC_29.scaffold_19	30.66	349	234	8	11	355	341639	342670	3.2e-31	142.1
hrmAp_Afu5g14900	SRR617744.scaffold_80	30.17	348	235	8	11	354	43658	44686	5.2e-31	142.5
hrmAp_Afu5g14900	COH694.scaffold_36	30.66	349	234	8	11	355	258045	259076	7.1e-31	142.2
hrmAp_Afu5g14900	SRR7418941.scaffold_13	30.17	348	235	8	11	354	37551	38579	7.6e-31	142.5
hrmAp_Afu5g14900	ERR769498.scaffold_19	30.17	348	235	8	11	354	222202	221174	7.6e-31	142.5
hrmAp_Afu5g14900	SRR7418931.scaffold_10	30.17	348	235	8	11	354	37554	38582	7.6e-31	142.5
hrmAp_Afu5g14900	S84_NIH.scaffold_15	30.66	349	234	8	11	355	4683	3652	9.2e-31	142.2
hrmAp_Afu5g14900	COH880.scaffold_20	30.66	349	234	8	11	355	4679	3648	9.2e-31	142.2
hrmAp_Afu5g14900	COH885.scaffold_16	30.66	349	234	8	11	355	4659	3628	9.2e-31	142.2
hrmAp_Afu5g14900	S11A_1_1.scaffold_8	30.56	301	202	7	57	354	611355	612242	3.3e-27	127.4
hrmAp_Afu5g14900	C56A1_11.scaffold_318	30.56	301	202	7	57	354	10055	9168	4e-27	127.4
hrmAp_Afu5g14900	SRR7418942.scaffold_493	30.82	292	195	7	67	355	5087	4227	2.3e-26	123.3
hrmAp_Afu5g14900	Mg18_1.scaffold_6	30.56	301	202	7	57	354	229056	228169	2.4e-26	127.6
hrmAp_Afu5g14900	SRR7418937.scaffold_208	30.82	292	195	7	67	355	4381	3521	1.2e-25	123.5
hrmAp_Afu5g14900	SRR617737.scaffold_68	30.82	292	195	7	67	355	41108	41968	3e-25	123.6
hrmAp_Afu5g14900	B52_16.scaffold_69	30.82	292	195	7	67	355	122956	123816	3.2e-25	123.6
hrmAp_Afu5g14900	SRR5676591.scaffold_48	30.82	292	195	7	67	355	12353	13213	3.7e-25	123.6
hrmAp_Afu5g14900	SRR617742.scaffold_7	30.82	292	195	7	67	355	383241	384101	3.7e-25	123.6
hrmAp_Afu5g14900	B75_30.scaffold_316	34.18	158	101	3	199	355	27	491	5.9e-14	79.1
hrmAp_Afu5g14900	SRR7418934.scaffold_555	32.38	386	224	37	5	355	2887	1747	3.6e-13	78.7
hrmAp_Afu5g14900	SRR068950.scaffold_225	32.38	386	224	37	5	355	1646	2786	3.7e-13	78.7
hrmAp_Afu5g14900	SRR7418940.scaffold_551	32.71	373	214	37	17	355	5759	4657	6.2e-13	78.8
hrmAp_Afu5g14900	SRR7418942.scaffold_412	32.38	386	224	37	5	355	7021	8161	9.9e-13	78.8
hrmAp_Afu5g14900	SRR7418932.scaffold_215	32.38	386	224	37	5	355	1931	3071	3.1e-12	79.0
hrmAp_Afu5g14900	ERR769505.scaffold_18	32.38	386	224	37	5	355	423473	424613	9.4e-12	79.1
hrmAp_Afu5g14900	SRR617744.scaffold_20	32.71	373	214	37	17	355	271435	272537	9.4e-12	79.1
hrmAp_Afu5g14900	A1163.scf_000009_A_fumigatus_A1163	32.38	386	224	37	5	355	1083907	1085047	9.4e-12	79.1
hrmAp_Afu5g14900	SRR7418946.scaffold_30	33.33	387	219	39	5	355	17223	18363	9.4e-12	79.1
hrmAp_Afu5g14900	AF_12.scaffold_2	100.00	30	0	0	333	362	299524	299438	2.4e-07	64.4
