aclF_Afu8g06780	08-19-02-10.scaffold_21	100.00	359	0	0	1	359	242206	241133	2.6e-213	740.6
aclF_Afu8g06780	08-19-02-10.scaffold_21	27.75	346	208	42	35	356	241137	242105	2.1e-11	69.8
aclF_Afu8g06780	08-19-02-10.scaffold_23	26.32	323	202	36	25	335	296662	295775	1.6e-09	63.6
aclF_Afu8g06780	08-19-02-10.scaffold_55	27.72	285	160	46	28	293	77791	77021	2.3e-09	63.0
aclF_Afu8g06780	08-19-02-10.scaffold_9	27.50	360	192	69	1	344	635817	636722	4.2e-09	60.6
aclF_Afu8g06780	08-19-02-10.scaffold_9	26.32	209	129	25	29	228	600975	601546	1.5e-07	55.4
aclF_Afu8g06780	08-19-02-10.scaffold_15	33.17	199	105	28	47	236	434765	435297	5.9e-09	61.7
aclF_Afu8g06780	08-19-02-10.scaffold_5	29.44	197	109	30	39	224	756907	757437	4.7e-08	57.6
aclF_Afu8g06780	08-19-02-10.scaffold_15	27.14	280	172	32	29	299	81325	82086	9.9e-08	57.6
aclF_Afu8g06780	08-19-02-10.scaffold_60	29.76	205	118	26	35	216	61066	60468	2.5e-07	56.3
aclF_Afu8g06780	08-19-02-10.scaffold_29	30.29	307	174	40	39	321	239644	238789	2.5e-07	56.3
aclF_Afu8g06780	08-19-02-10.scaffold_2	26.60	203	107	42	37	238	815680	815202	7.8e-07	54.6
aclF_Afu8g06780	08-19-02-10.scaffold_6	26.13	287	182	30	29	301	95217	94414	9.4e-07	54.4
aclF_Afu8g06780	08-19-02-10.scaffold_74	36.89	103	54	11	28	126	3231	3515	1.5e-06	53.0
aclF_Afu8g06780	08-19-02-10.scaffold_15	26.07	234	155	18	122	341	435173	434487	2e-06	53.3
aclF_Afu8g06780	08-19-02-10.scaffold_8	25.27	364	225	47	30	358	137808	138860	2.4e-06	53.0
aclF_Afu8g06780	08-19-02-10.scaffold_2	37.63	93	41	17	29	115	115830	115588	2.9e-06	52.7
