aclF_Afu8g06780	08-19-02-61.scaffold_20	100.00	359	0	0	1	359	251602	250529	2.4e-213	740.6
aclF_Afu8g06780	08-19-02-61.scaffold_20	28.27	336	198	43	54	356	250533	251501	1.4e-11	70.4
aclF_Afu8g06780	08-19-02-61.scaffold_51	27.60	279	168	34	28	293	78139	77369	4.7e-09	62.0
aclF_Afu8g06780	08-19-02-61.scaffold_25	33.17	199	105	28	47	236	293341	292809	5.6e-09	61.7
aclF_Afu8g06780	08-19-02-61.scaffold_13	27.14	280	172	32	29	299	145473	146234	8.2e-09	61.1
aclF_Afu8g06780	08-19-02-61.scaffold_11	27.50	360	192	69	1	344	445257	446162	1.2e-08	60.6
aclF_Afu8g06780	08-19-02-61.scaffold_89	29.74	195	124	13	81	271	43968	44522	2.4e-08	58.1
aclF_Afu8g06780	08-19-02-61.scaffold_17	29.44	197	109	30	39	224	61645	61115	9.5e-08	57.6
aclF_Afu8g06780	08-19-02-61.scaffold_73	29.76	205	118	26	35	216	58912	58314	1.5e-07	56.2
aclF_Afu8g06780	08-19-02-61.scaffold_12	30.29	307	174	40	39	321	299908	300763	2.9e-07	56.0
aclF_Afu8g06780	08-19-02-61.scaffold_60	26.60	203	107	42	37	238	13741	13263	7.4e-07	54.6
aclF_Afu8g06780	08-19-02-61.scaffold_25	26.07	234	155	18	122	341	292933	293619	1.3e-06	53.8
aclF_Afu8g06780	08-19-02-61.scaffold_45	30.82	146	80	21	113	249	158061	157663	1.8e-06	52.4
aclF_Afu8g06780	08-19-02-61.scaffold_19	37.63	93	41	17	29	115	118400	118158	2.3e-06	53.0
aclF_Afu8g06780	08-19-02-61.scaffold_16	27.58	330	203	36	49	349	276115	277064	4.1e-06	52.2
aclF_Afu8g06780	08-19-02-61.scaffold_23	36.89	103	54	11	28	126	255140	254856	4.9e-06	51.9
