aclF_Afu8g06780	08-12-12-13.scaffold_34	100.00	359	0	0	1	359	141443	140370	2.7e-213	740.6
aclF_Afu8g06780	08-12-12-13.scaffold_34	26.52	328	196	45	27	349	125821	124971	7.4e-09	61.4
aclF_Afu8g06780	08-12-12-13.scaffold_34	27.75	346	208	42	35	356	140374	141342	2.2e-11	69.8
aclF_Afu8g06780	08-12-12-13.scaffold_7	30.29	307	174	40	39	321	238859	238004	3e-10	66.0
aclF_Afu8g06780	08-12-12-13.scaffold_50	27.72	285	160	46	28	293	117823	118593	6.4e-10	64.9
aclF_Afu8g06780	08-12-12-13.scaffold_104	34.44	180	96	22	129	291	24319	24834	5.8e-09	59.2
aclF_Afu8g06780	08-12-12-13.scaffold_6	33.17	199	105	28	47	236	264322	263790	6.1e-09	61.7
aclF_Afu8g06780	08-12-12-13.scaffold_6	27.14	280	172	32	29	299	617981	617220	8.9e-09	61.1
aclF_Afu8g06780	08-12-12-13.scaffold_2	27.50	360	192	69	1	344	593900	592995	1.3e-08	60.6
aclF_Afu8g06780	08-12-12-13.scaffold_9	29.44	197	109	30	39	224	626399	626929	6.1e-08	57.6
aclF_Afu8g06780	08-12-12-13.scaffold_104	25.73	342	199	55	35	328	25315	24316	1.4e-07	54.6
aclF_Afu8g06780	08-12-12-13.scaffold_70	29.76	205	118	26	35	216	50743	50145	1.6e-07	56.2
aclF_Afu8g06780	08-12-12-13.scaffold_11	28.03	289	150	58	29	316	241376	242068	8.1e-07	54.6
aclF_Afu8g06780	08-12-12-13.scaffold_2	26.13	287	182	30	29	301	317221	318024	9.8e-07	54.4
aclF_Afu8g06780	08-12-12-13.scaffold_6	26.07	234	155	18	122	341	263914	264600	1.4e-06	53.8
aclF_Afu8g06780	08-12-12-13.scaffold_23	27.33	333	206	36	49	352	176098	175140	2.5e-06	53.0
aclF_Afu8g06780	08-12-12-13.scaffold_16	36.89	103	54	11	28	126	268753	269037	2.5e-06	53.0
aclF_Afu8g06780	08-12-12-13.scaffold_24	37.63	93	41	17	29	115	319125	319367	2.8e-06	52.7
aclF_Afu8g06780	08-12-12-13.scaffold_111	27.64	246	150	28	35	275	15148	14489	6.8e-06	48.6
aclF_Afu8g06780	08-12-12-13.scaffold_57	24.00	250	162	28	37	266	155865	156583	8.2e-06	47.2
