hrmAp_Afu5g14900	08-31-08-91.scaffold_29	31.81	349	230	8	11	355	164587	163556	7.3e-37	154.4
aclF_Afu8g06780	08-31-08-91.scaffold_29	100.00	359	0	0	1	359	307779	306706	8.3e-214	740.5
aclF_Afu8g06780	08-31-08-91.scaffold_29	28.27	336	198	43	54	356	306710	307678	4.7e-12	70.3
aclF_Afu8g06780	08-31-08-91.scaffold_46	27.08	277	172	30	28	293	78465	77695	1.4e-09	63.9
aclF_Afu8g06780	08-31-08-91.scaffold_101	34.44	180	96	22	129	291	963	448	4.8e-09	59.5
aclF_Afu8g06780	08-31-08-91.scaffold_20	33.17	199	105	28	47	236	163684	164216	6.1e-09	61.7
aclF_Afu8g06780	08-31-08-91.scaffold_3	27.14	280	172	32	29	299	991451	992212	8.9e-09	61.1
aclF_Afu8g06780	08-31-08-91.scaffold_22	27.50	360	192	69	1	344	398559	399464	9.7e-09	60.6
aclF_Afu8g06780	08-31-08-91.scaffold_26	29.44	197	109	30	39	224	61634	61104	1e-07	57.6
aclF_Afu8g06780	08-31-08-91.scaffold_101	30.04	273	141	50	4	265	290	972	1.4e-07	54.6
aclF_Afu8g06780	08-31-08-91.scaffold_7	29.95	207	115	30	35	216	788593	789191	2.1e-07	56.0
aclF_Afu8g06780	08-31-08-91.scaffold_13	30.29	307	174	40	39	321	237568	236713	2.6e-07	56.3
aclF_Afu8g06780	08-31-08-91.scaffold_2	28.03	289	150	58	29	316	808136	807444	8.1e-07	54.6
aclF_Afu8g06780	08-31-08-91.scaffold_20	26.07	234	155	18	122	341	164092	163406	2.1e-06	53.3
aclF_Afu8g06780	08-31-08-91.scaffold_54	27.40	208	131	20	20	217	152442	153024	2.4e-06	47.8
aclF_Afu8g06780	08-31-08-91.scaffold_42	36.89	103	54	11	28	126	37593	37309	2.5e-06	53.0
aclF_Afu8g06780	08-31-08-91.scaffold_21	27.58	330	203	36	49	349	276286	277235	2.5e-06	53.0
aclF_Afu8g06780	08-31-08-91.scaffold_2	37.63	93	41	17	29	115	115851	115609	3e-06	52.7
aclF_Afu8g06780	08-31-08-91.scaffold_107	27.64	246	150	28	35	275	4029	4688	6.7e-06	48.6
