cgnA_Afu5g14910	10-01-02-27.scaffold_45	31.93	119	77	4	22	140	232488	232147	6e-12	69.7
hrmAp_Afu5g14900	10-01-02-27.scaffold_53	34.67	349	220	8	11	355	78237	79268	4e-41	168.5
aclF_Afu8g06780	10-01-02-27.scaffold_33	100.00	359	0	0	1	359	143096	142023	2.5e-213	740.6
aclF_Afu8g06780	10-01-02-27.scaffold_33	26.52	328	196	45	27	349	127473	126623	7.1e-09	61.4
aclF_Afu8g06780	10-01-02-27.scaffold_33	27.75	346	208	42	35	356	142027	142995	2.1e-11	69.8
aclF_Afu8g06780	10-01-02-27.scaffold_6	30.29	307	174	40	39	321	501158	502013	2.9e-10	66.0
aclF_Afu8g06780	10-01-02-27.scaffold_7	27.08	277	172	30	28	293	635845	636615	1e-09	63.8
aclF_Afu8g06780	10-01-02-27.scaffold_2	33.17	199	105	28	47	236	716290	716822	5.9e-09	61.7
aclF_Afu8g06780	10-01-02-27.scaffold_19	27.50	360	192	69	1	344	509982	510887	6.1e-09	60.6
aclF_Afu8g06780	10-01-02-27.scaffold_2	27.14	280	172	32	29	299	364706	365467	8.6e-09	61.1
aclF_Afu8g06780	10-01-02-27.scaffold_3	34.44	180	96	22	129	291	881365	881880	2.4e-08	59.5
aclF_Afu8g06780	10-01-02-27.scaffold_9	29.44	197	109	30	39	224	61605	61075	9.9e-08	57.6
aclF_Afu8g06780	10-01-02-27.scaffold_61	29.76	205	118	26	35	216	101648	102246	2.5e-07	56.3
aclF_Afu8g06780	10-01-02-27.scaffold_20	26.60	203	107	42	37	238	249424	248946	7.8e-07	54.6
aclF_Afu8g06780	10-01-02-27.scaffold_11	26.13	287	182	30	29	301	324867	325670	9.4e-07	54.4
aclF_Afu8g06780	10-01-02-27.scaffold_2	26.07	234	155	18	122	341	716698	716012	2e-06	53.3
aclF_Afu8g06780	10-01-02-27.scaffold_23	37.63	93	41	17	29	115	319248	319490	2.2e-06	53.0
aclF_Afu8g06780	10-01-02-27.scaffold_14	36.89	103	54	11	28	126	322320	322604	2.4e-06	53.0
aclF_Afu8g06780	10-01-02-27.scaffold_141	24.00	250	162	28	37	266	2316	1598	4.6e-06	47.2
