cgnA_Afu5g14910	12-7505220.scaffold_113	31.93	119	77	4	22	140	24229	23888	2.2e-12	69.6
hrmAp_Afu5g14900	12-7505220.scaffold_108	34.67	349	220	8	11	355	16950	15919	1.2e-41	168.5
aclF_Afu8g06780	12-7505220.scaffold_19	100.00	359	0	0	1	359	279051	277978	3.3e-213	740.6
aclF_Afu8g06780	12-7505220.scaffold_19	27.75	346	208	42	35	356	277982	278950	1.9e-11	70.4
aclF_Afu8g06780	12-7505220.scaffold_20	30.29	307	174	40	39	321	240797	239942	3.8e-10	66.0
aclF_Afu8g06780	12-7505220.scaffold_18	27.60	279	168	34	28	293	390833	391603	6.4e-09	62.0
aclF_Afu8g06780	12-7505220.scaffold_4	33.17	199	105	28	47	236	717742	718274	7.7e-09	61.7
aclF_Afu8g06780	12-7505220.scaffold_3	27.50	360	192	69	1	344	461244	462149	2.4e-08	60.1
aclF_Afu8g06780	12-7505220.scaffold_4	27.14	280	172	32	29	299	364153	364914	1.3e-07	57.6
aclF_Afu8g06780	12-7505220.scaffold_7	29.44	197	109	30	39	224	696706	697236	1.3e-07	57.6
aclF_Afu8g06780	12-7505220.scaffold_71	29.76	205	118	26	35	216	31901	32499	2e-07	56.2
aclF_Afu8g06780	12-7505220.scaffold_17	27.31	227	142	23	24	238	7302	7946	5.8e-07	55.4
aclF_Afu8g06780	12-7505220.scaffold_5	36.89	103	54	11	28	126	941099	940815	1e-06	53.0
aclF_Afu8g06780	12-7505220.scaffold_26	26.60	203	107	42	37	238	69160	69638	1e-06	54.6
aclF_Afu8g06780	12-7505220.scaffold_3	26.13	287	182	30	29	301	735990	735187	1.2e-06	54.4
aclF_Afu8g06780	12-7505220.scaffold_4	26.07	234	155	18	122	341	718150	717464	2.6e-06	53.3
aclF_Afu8g06780	12-7505220.scaffold_12	37.63	93	41	17	29	115	466696	466938	3.4e-06	52.7
aclF_Afu8g06780	12-7505220.scaffold_18	27.58	330	203	36	49	349	7566	6617	5.6e-06	52.2
