cgnA_Afu5g14910	A1163.scf_000006_A_fumigatus_A1163	66.29	175	27	32	1	143	1975162	1974643	4.2e-83	305.9
cgnA_Afu5g14910	A1163.scf_000006_A_fumigatus_A1163	53.49	43	16	4	27	66	1972569	1972455	3.5e-11	67.0
cgnA_Afu5g14910	A1163.scf_000004_A_fumigatus_A1163	40.74	135	76	4	10	142	3790033	3790428	5e-55	211.2
cgnA_Afu5g14910	A1163.scf_000004_A_fumigatus_A1163	39.60	101	50	11	15	104	3789734	3790017	6.7e-16	81.2
cgnA_Afu5g14910	A1163.scf_000004_A_fumigatus_A1163	27.45	51	36	1	51	100	3765149	3765294	9.4e-10	60.8
cgnA_Afu5g14910	A1163.scf_000011_A_fumigatus_A1163	38.04	92	52	5	19	108	5496	5239	1.1e-17	88.6
cgnA_Afu5g14910	A1163.scf_000011_A_fumigatus_A1163	27.03	74	52	2	47	118	19662	19448	2.3e-12	71.0
cgnA_Afu5g14910	A1163.scf_000009_A_fumigatus_A1163	30.00	110	75	2	11	118	1126973	1127299	1.8e-16	84.6
cgnA_Afu5g14910	A1163.scf_000011_A_fumigatus_A1163	35.37	82	49	4	3	80	242942	243180	3.9e-16	83.5
cgnA_Afu5g14910	A1163.scf_000005_A_fumigatus_A1163	44.26	61	34	0	17	77	2486875	2487054	5.8e-16	82.9
cgnA_Afu5g14910	A1163.scf_000006_A_fumigatus_A1163	32.17	143	84	13	7	141	118645	118243	8.6e-16	82.3
cgnA_Afu5g14910	A1163.scf_000003_A_fumigatus_A1163	33.70	92	61	0	11	102	1753179	1753451	1.9e-15	81.2
cgnA_Afu5g14910	A1163.scf_000012_A_fumigatus_A1163	42.22	45	26	0	84	128	10018	9887	2.7e-14	74.9
cgnA_Afu5g14910	A1163.scf_000007_A_fumigatus_A1163	43.48	46	26	0	14	59	1418334	1418200	1.5e-12	71.5
cgnA_Afu5g14910	A1163.scf_000002_A_fumigatus_A1163	30.59	85	56	3	11	93	530951	530703	3.3e-12	70.4
cgnA_Afu5g14910	A1163.scf_000010_A_fumigatus_A1163	27.87	61	44	0	46	106	132480	132301	5.3e-11	66.4
cgnA_Afu5g14910	A1163.scf_000001_A_fumigatus_A1163	31.37	51	35	0	92	142	965135	965284	5.3e-11	66.4
cgnA_Afu5g14910	A1163.scf_000008_A_fumigatus_A1163	19.77	86	68	1	48	132	1830086	1830336	5.6e-11	64.7
cgnA_Afu5g14910	A1163.scf_000002_A_fumigatus_A1163	26.58	79	55	3	20	97	1757939	1758164	1.2e-10	65.3
cgnA_Afu5g14910	A1163.scf_000006_A_fumigatus_A1163	31.11	90	60	2	16	104	1330241	1330500	2.5e-10	64.2
cgnA_Afu5g14910	A1163.scf_000004_A_fumigatus_A1163	29.41	68	48	0	37	104	3769478	3769278	2.9e-10	62.5
cgnA_Afu5g14910	A1163.scf_000006_A_fumigatus_A1163	28.33	120	83	3	14	131	691064	691413	8.2e-10	62.5
cgnA_Afu5g14910	A1163.scf_000007_A_fumigatus_A1163	47.06	34	18	0	14	47	1340316	1340414	8.2e-10	62.5
cgnA_Afu5g14910	A1163.scf_000001_A_fumigatus_A1163	37.14	35	22	0	72	106	265512	265613	1.2e-09	61.9
cgnA_Afu5g14910	A1163.scf_000006_A_fumigatus_A1163	23.76	101	76	1	12	112	1566413	1566117	1.2e-09	61.9
cgnA_Afu5g14910	A1163.scf_000007_A_fumigatus_A1163	42.86	35	20	0	12	46	1770204	1770305	1.2e-09	61.9
cgnA_Afu5g14910	A1163.scf_000003_A_fumigatus_A1163	47.50	40	18	3	14	52	3759128	3759236	1.2e-09	61.9
cgnA_Afu5g14910	A1163.scf_000010_A_fumigatus_A1163	40.00	50	29	1	27	75	415597	415743	2.7e-09	60.8
cgnA_Afu5g14910	A1163.scf_000005_A_fumigatus_A1163	48.39	31	16	0	17	47	30124	30035	4e-09	60.2
cgnA_Afu5g14910	A1163.scf_000002_A_fumigatus_A1163	40.48	42	22	3	18	58	3218657	3218541	1.3e-08	58.5
cgnA_Afu5g14910	A1163.scf_000002_A_fumigatus_A1163	23.91	138	97	8	3	132	4557094	4556684	1.9e-08	57.9
cgnA_Afu5g14910	A1163.scf_000002_A_fumigatus_A1163	35.71	42	26	1	2	43	4513161	4513042	1.9e-08	57.9
cgnA_Afu5g14910	A1163.scf_000005_A_fumigatus_A1163	31.82	44	30	0	92	135	2174994	2174866	1.9e-08	57.9
cgnA_Afu5g14910	A1163.scf_000005_A_fumigatus_A1163	35.48	31	20	0	34	64	791481	791392	6.2e-08	56.2
cgnA_Afu5g14910	A1163.scf_000001_A_fumigatus_A1163	31.11	45	31	0	84	128	2799619	2799488	9.3e-08	55.6
cgnA_Afu5g14910	A1163.scf_000009_A_fumigatus_A1163	26.15	65	47	1	77	141	1096474	1096286	4.5e-07	53.4
cgnA_Afu5g14910	A1163.scf_000001_A_fumigatus_A1163	40.74	27	16	0	25	51	3534835	3534912	6.6e-07	52.8
cgnA_Afu5g14910	A1163.scf_000007_A_fumigatus_A1163	44.44	27	15	0	19	45	1323308	1323231	9.8e-07	52.2
cgnA_Afu5g14910	A1163.scf_000001_A_fumigatus_A1163	41.38	29	17	0	14	42	4208754	4208837	9.8e-07	52.2
cgnA_Afu5g14910	A1163.scf_000004_A_fumigatus_A1163	37.50	40	25	0	76	115	1687466	1687582	1.5e-06	51.7
cgnA_Afu5g14910	A1163.scf_000003_A_fumigatus_A1163	35.71	42	27	0	77	118	3381171	3381293	2.2e-06	51.1
cgnA_Afu5g14910	A1163.scf_000004_A_fumigatus_A1163	38.46	39	20	4	14	48	790491	790604	3.2e-06	50.5
cgnA_Afu5g14910	A1163.scf_000002_A_fumigatus_A1163	31.91	47	30	2	15	59	504521	504658	4.7e-06	50.0
cgnA_Afu5g14910	A1163.scf_000002_A_fumigatus_A1163	31.71	41	28	0	83	123	505397	505516	4.7e-06	50.0
cgnA_Afu5g14910	A1163.scf_000001_A_fumigatus_A1163	34.43	61	36	4	79	138	147728	147896	4.7e-06	50.0
cgnA_Afu5g14910	A1163.scf_000042_A_fumigatus_A1163	47.83	23	12	0	1	23	323	258	7e-06	42.6
cgnA_Afu5g14910	A1163.scf_000004_A_fumigatus_A1163	66.67	15	5	0	18	32	1958767	1958726	7e-06	49.4
cgnA_Afu5g14910	A1163.scf_000009_A_fumigatus_A1163	42.31	26	15	0	19	44	410752	410826	7e-06	49.4
cgnA_Afu5g14910	A1163.scf_000009_A_fumigatus_A1163	26.83	82	56	4	1	81	356488	356719	3.2e-06	50.5
cgnA_Afu5g14910	A1163.scf_000009_A_fumigatus_A1163	50.00	20	10	0	87	106	321643	321699	7e-06	49.4
hrmAp_Afu5g14900	A1163.scf_000006_A_fumigatus_A1163	95.01	381	0	19	1	362	1972546	1973681	2e-134	477.8
hrmAp_Afu5g14900	A1163.scf_000003_A_fumigatus_A1163	34.67	349	220	8	11	355	3016956	3015925	1.6e-42	172.5
hrmAp_Afu5g14900	A1163.scf_000003_A_fumigatus_A1163	31.23	349	232	8	11	355	3121047	3120016	1.2e-34	146.3
hrmAp_Afu5g14900	A1163.scf_000009_A_fumigatus_A1163	32.38	386	224	37	5	355	1083907	1085047	2.9e-15	81.9
aclF_Afu8g06780	A1163.scf_000007_A_fumigatus_A1163	95.54	359	0	16	1	359	370522	371547	1.6e-161	567.8
aclF_Afu8g06780	A1163.scf_000007_A_fumigatus_A1163	26.52	328	196	45	27	349	390118	390968	3.3e-15	81.7
aclF_Afu8g06780	A1163.scf_000007_A_fumigatus_A1163	28.48	330	191	45	54	356	371543	370623	1.2e-20	99.8
aclF_Afu8g06780	A1163.scf_000003_A_fumigatus_A1163	27.80	295	190	23	29	312	1752843	1753688	1.2e-18	93.1
aclF_Afu8g06780	A1163.scf_000008_A_fumigatus_A1163	27.60	279	168	34	28	293	96998	96228	1.4e-15	83.0
aclF_Afu8g06780	A1163.scf_000001_A_fumigatus_A1163	33.17	199	105	28	47	236	3689852	3690384	2.7e-15	82.0
aclF_Afu8g06780	A1163.scf_000002_A_fumigatus_A1163	27.50	360	192	69	1	344	3037294	3038199	9.9e-15	80.1
aclF_Afu8g06780	A1163.scf_000002_A_fumigatus_A1163	25.84	209	130	25	29	228	3002362	3002933	3e-12	71.9
aclF_Afu8g06780	A1163.scf_000006_A_fumigatus_A1163	35.67	157	86	15	146	291	2209236	2209691	5.6e-14	77.3
aclF_Afu8g06780	A1163.scf_000001_A_fumigatus_A1163	27.14	280	172	32	29	299	3338305	3339066	7.2e-14	77.3
aclF_Afu8g06780	A1163.scf_000003_A_fumigatus_A1163	29.44	197	109	30	39	224	2621771	2622301	7.2e-14	77.3
aclF_Afu8g06780	A1163.scf_000001_A_fumigatus_A1163	26.43	227	144	23	24	238	2834689	2834045	2.2e-13	75.7
aclF_Afu8g06780	A1163.scf_000005_A_fumigatus_A1163	29.76	205	118	26	35	216	1220068	1220666	2.2e-13	75.7
aclF_Afu8g06780	A1163.scf_000005_A_fumigatus_A1163	31.20	125	73	13	165	287	1221606	1221944	7.4e-10	63.9
aclF_Afu8g06780	A1163.scf_000004_A_fumigatus_A1163	30.29	307	174	40	39	321	2474898	2474043	2.7e-13	75.4
aclF_Afu8g06780	A1163.scf_000008_A_fumigatus_A1163	30.82	146	80	21	113	249	1795554	1795952	1.5e-12	71.2
aclF_Afu8g06780	A1163.scf_000001_A_fumigatus_A1163	26.07	234	155	18	122	341	3690260	3689574	2.4e-12	72.2
aclF_Afu8g06780	A1163.scf_000005_A_fumigatus_A1163	36.89	103	54	11	28	126	2063170	2062886	3e-12	71.9
aclF_Afu8g06780	A1163.scf_000001_A_fumigatus_A1163	26.14	241	153	25	39	265	3145320	3144640	5.8e-12	70.9
aclF_Afu8g06780	A1163.scf_000009_A_fumigatus_A1163	32.48	117	73	6	29	143	818635	818308	3.4e-11	68.4
aclF_Afu8g06780	A1163.scf_000001_A_fumigatus_A1163	30.97	113	76	2	26	137	3849411	3849743	6.6e-11	67.4
aclF_Afu8g06780	A1163.scf_000004_A_fumigatus_A1163	25.27	364	225	47	30	358	2675831	2676883	2e-10	65.8
aclF_Afu8g06780	A1163.scf_000002_A_fumigatus_A1163	27.44	215	123	33	60	252	480129	479527	2.5e-10	65.5
aclF_Afu8g06780	A1163.scf_000007_A_fumigatus_A1163	28.70	216	134	20	33	240	637137	637737	3.8e-10	64.9
aclF_Afu8g06780	A1163.scf_000003_A_fumigatus_A1163	28.10	210	105	46	38	245	2700374	2699884	4.7e-10	64.6
aclF_Afu8g06780	A1163.scf_000004_A_fumigatus_A1163	30.07	153	94	13	94	238	3790443	3790005	5e-10	63.0
aclF_Afu8g06780	A1163.scf_000002_A_fumigatus_A1163	30.65	124	74	12	169	285	221100	221445	9.2e-10	63.6
aclF_Afu8g06780	A1163.scf_000001_A_fumigatus_A1163	27.30	348	226	27	29	359	1785208	1784220	9.2e-10	63.6
aclF_Afu8g06780	A1163.scf_000004_A_fumigatus_A1163	27.60	192	98	41	13	192	2523294	2523773	9.2e-10	63.6
aclF_Afu8g06780	A1163.scf_000004_A_fumigatus_A1163	33.33	153	91	11	142	283	3789936	3790385	9.7e-10	62.0
aclF_Afu8g06780	A1163.scf_000005_A_fumigatus_A1163	28.52	263	149	39	3	238	766011	765284	1.1e-09	63.3
aclF_Afu8g06780	A1163.scf_000002_A_fumigatus_A1163	26.32	323	202	36	25	335	933619	934506	1.1e-09	63.3
aclF_Afu8g06780	A1163.scf_000002_A_fumigatus_A1163	24.84	310	194	39	35	337	901192	902008	1.3e-10	66.5
aclF_Afu8g06780	A1163.scf_000003_A_fumigatus_A1163	31.46	89	59	2	36	122	578337	578074	1.4e-09	63.0
aclF_Afu8g06780	A1163.scf_000001_A_fumigatus_A1163	27.57	214	120	35	34	238	1578161	1577601	2.2e-09	62.4
aclF_Afu8g06780	A1163.scf_000004_A_fumigatus_A1163	24.87	189	130	12	54	236	569787	570326	2.8e-09	62.0
aclF_Afu8g06780	A1163.scf_000003_A_fumigatus_A1163	27.12	295	156	59	33	276	1056485	1055642	3.4e-09	61.7
aclF_Afu8g06780	A1163.scf_000008_A_fumigatus_A1163	29.06	265	155	33	38	288	96173	96897	3.4e-09	61.7
aclF_Afu8g06780	A1163.scf_000004_A_fumigatus_A1163	27.32	205	133	16	70	267	609279	609861	4.3e-09	61.4
aclF_Afu8g06780	A1163.scf_000007_A_fumigatus_A1163	25.71	280	158	50	16	275	1749877	1749145	4.3e-09	61.4
aclF_Afu8g06780	A1163.scf_000011_A_fumigatus_A1163	24.00	250	162	28	37	266	474537	475255	4.5e-09	59.2
aclF_Afu8g06780	A1163.scf_000011_A_fumigatus_A1163	31.05	248	136	35	15	236	471645	472338	2.3e-09	60.1
aclF_Afu8g06780	A1163.scf_000006_A_fumigatus_A1163	23.23	310	198	40	56	346	705665	704802	5.3e-09	61.1
aclF_Afu8g06780	A1163.scf_000005_A_fumigatus_A1163	25.23	218	150	13	32	241	994726	995355	5.3e-09	61.1
aclF_Afu8g06780	A1163.scf_000007_A_fumigatus_A1163	27.09	251	152	31	35	275	614435	613755	6.6e-09	60.8
aclF_Afu8g06780	A1163.scf_000003_A_fumigatus_A1163	28.52	291	166	42	35	305	2158332	2157533	6.6e-09	60.8
aclF_Afu8g06780	A1163.scf_000003_A_fumigatus_A1163	27.17	184	123	11	74	253	2170916	2170399	1.1e-09	63.3
aclF_Afu8g06780	A1163.scf_000001_A_fumigatus_A1163	33.33	129	66	20	180	295	3338624	3338262	1e-08	60.1
aclF_Afu8g06780	A1163.scf_000003_A_fumigatus_A1163	33.33	93	48	14	35	120	213232	212978	1.6e-08	59.5
aclF_Afu8g06780	A1163.scf_000005_A_fumigatus_A1163	25.14	179	121	13	30	202	188064	187556	1.6e-08	59.5
aclF_Afu8g06780	A1163.scf_000001_A_fumigatus_A1163	29.50	139	81	17	37	168	2439067	2438684	2e-08	59.2
aclF_Afu8g06780	A1163.scf_000002_A_fumigatus_A1163	29.95	207	120	25	103	289	3600772	3600178	2e-08	59.2
aclF_Afu8g06780	A1163.scf_000002_A_fumigatus_A1163	25.09	291	189	29	28	295	2615263	2616096	2e-08	59.2
aclF_Afu8g06780	A1163.scf_000008_A_fumigatus_A1163	22.99	361	234	44	21	355	481721	480700	2.5e-08	58.9
aclF_Afu8g06780	A1163.scf_000008_A_fumigatus_A1163	26.86	283	173	34	8	278	479968	479195	1.1e-09	63.3
aclF_Afu8g06780	A1163.scf_000006_A_fumigatus_A1163	39.78	93	50	6	168	257	1644773	1644507	3.1e-08	58.6
aclF_Afu8g06780	A1163.scf_000004_A_fumigatus_A1163	27.70	213	134	20	33	232	2303875	2304481	3.9e-08	58.2
aclF_Afu8g06780	A1163.scf_000002_A_fumigatus_A1163	24.92	325	207	37	39	338	441359	442280	4.8e-08	57.9
aclF_Afu8g06780	A1163.scf_000004_A_fumigatus_A1163	27.74	155	89	23	63	213	2206502	2206098	4.8e-08	57.9
aclF_Afu8g06780	A1163.scf_000002_A_fumigatus_A1163	32.20	118	61	19	37	144	4370173	4369850	7.5e-08	57.3
aclF_Afu8g06780	A1163.scf_000002_A_fumigatus_A1163	25.95	262	170	24	36	288	4347843	4347116	4.3e-09	61.4
aclF_Afu8g06780	A1163.scf_000002_A_fumigatus_A1163	27.11	284	176	31	77	340	4362225	4361418	2e-08	59.2
aclF_Afu8g06780	A1163.scf_000003_A_fumigatus_A1163	27.01	311	181	46	33	327	953755	954574	7.5e-08	57.3
aclF_Afu8g06780	A1163.scf_000008_A_fumigatus_A1163	28.00	225	140	22	35	250	207594	206976	9.3e-08	57.0
aclF_Afu8g06780	A1163.scf_000002_A_fumigatus_A1163	26.48	287	181	30	29	301	3312066	3311263	1.8e-07	56.0
aclF_Afu8g06780	A1163.scf_000002_A_fumigatus_A1163	27.57	243	143	33	125	358	3409297	3408650	3.1e-08	58.6
aclF_Afu8g06780	A1163.scf_000002_A_fumigatus_A1163	29.17	72	48	3	54	125	2619965	2619762	1.8e-07	56.0
aclF_Afu8g06780	A1163.scf_000005_A_fumigatus_A1163	24.22	256	161	33	34	284	2163638	2162970	3.5e-07	55.1
aclF_Afu8g06780	A1163.scf_000001_A_fumigatus_A1163	34.88	86	46	10	32	114	2555433	2555200	3.5e-07	55.1
aclF_Afu8g06780	A1163.scf_000001_A_fumigatus_A1163	24.58	301	184	43	27	314	916713	915916	3.5e-07	55.1
aclF_Afu8g06780	A1163.scf_000002_A_fumigatus_A1163	29.61	179	98	28	26	193	2084122	2083650	3.5e-07	55.1
aclF_Afu8g06780	A1163.scf_000002_A_fumigatus_A1163	25.00	268	176	25	35	287	2085136	2084376	2e-08	59.2
aclF_Afu8g06780	A1163.scf_000008_A_fumigatus_A1163	23.85	260	176	22	50	298	873247	873982	1e-06	53.5
aclF_Afu8g06780	A1163.scf_000008_A_fumigatus_A1163	22.37	228	162	15	37	260	858145	858784	2.2e-07	55.7
aclF_Afu8g06780	A1163.scf_000008_A_fumigatus_A1163	26.18	275	166	37	83	341	882337	883073	8.4e-07	53.8
aclF_Afu8g06780	A1163.scf_000005_A_fumigatus_A1163	25.71	140	90	14	79	207	2419417	2419010	1e-06	53.5
aclF_Afu8g06780	A1163.scf_000008_A_fumigatus_A1163	27.62	315	171	57	35	332	994778	993969	1.3e-06	53.2
aclF_Afu8g06780	A1163.scf_000002_A_fumigatus_A1163	24.79	238	147	32	32	255	4611768	4611120	1.3e-06	53.2
aclF_Afu8g06780	A1163.scf_000002_A_fumigatus_A1163	26.62	139	90	12	13	141	982189	981794	2e-06	52.5
aclF_Afu8g06780	A1163.scf_000019_A_fumigatus_A1163	26.79	112	70	12	24	126	1639	1316	2.2e-06	47.8
aclF_Afu8g06780	A1163.scf_000007_A_fumigatus_A1163	26.92	260	154	36	118	342	984861	984096	2.5e-06	52.2
aclF_Afu8g06780	A1163.scf_000009_A_fumigatus_A1163	22.37	152	112	6	101	250	692168	692604	3.9e-06	51.6
aclF_Afu8g06780	A1163.scf_000001_A_fumigatus_A1163	25.17	143	90	17	96	228	246544	246936	4.9e-06	51.3
aclF_Afu8g06780	A1163.scf_000003_A_fumigatus_A1163	26.61	218	133	27	31	228	2457452	2458069	4.9e-06	51.3
aclF_Afu8g06780	A1163.scf_000008_A_fumigatus_A1163	26.00	250	160	25	44	277	318218	318921	4.9e-06	51.3
aclF_Afu8g06780	A1163.scf_000001_A_fumigatus_A1163	35.21	71	41	5	29	94	858672	858467	6.1e-06	50.9
aclF_Afu8g06780	A1163.scf_000003_A_fumigatus_A1163	24.11	336	207	48	30	337	106926	105996	6.1e-06	50.9
aclF_Afu8g06780	A1163.scf_000053_A_fumigatus_A1163	27.22	158	102	13	189	342	962	527	7.2e-06	43.6
aclF_Afu8g06780	A1163.scf_000006_A_fumigatus_A1163	25.99	304	173	52	72	352	532094	531287	7.6e-06	50.6
aclF_Afu8g06780	A1163.scf_000006_A_fumigatus_A1163	39.51	81	40	9	60	136	573128	572914	5.4e-07	54.4
aclF_Afu8g06780	A1163.scf_000006_A_fumigatus_A1163	25.29	170	116	11	2	165	591819	591334	8.4e-07	53.8
aclF_Afu8g06780	A1163.scf_000006_A_fumigatus_A1163	25.00	316	194	43	33	321	538263	537387	8.4e-07	53.8
aclF_Afu8g06780	A1163.scf_000006_A_fumigatus_A1163	26.82	261	158	33	29	271	457761	457043	6.1e-06	50.9
aclF_Afu8g06780	A1163.scf_000005_A_fumigatus_A1163	26.80	97	65	6	26	120	2598414	2598139	8.6e-06	49.4
aclF_Afu8g06780	A1163.scf_000001_A_fumigatus_A1163	30.23	129	80	10	74	193	4739466	4739834	9.4e-06	50.3
aclF_Afu8g06780	A1163.scf_000005_A_fumigatus_A1163	28.03	289	160	48	37	279	247320	248165	9.4e-06	50.3
aclF_Afu8g06780	A1163.scf_000005_A_fumigatus_A1163	24.46	184	117	22	99	266	198263	198793	1.4e-07	56.3
aclF_Afu8g06780	A1163.scf_000005_A_fumigatus_A1163	35.48	62	36	4	54	114	194360	194529	6.1e-06	50.9
