cgnA_Afu5g14910	AF72.scaffold_162	41.30	138	74	7	10	142	3756	3352	3.2e-23	104.2
hrmAp_Afu5g14900	AF72.scaffold_19	32.38	349	228	8	11	355	205258	204227	5.7e-36	151.7
aclF_Afu8g06780	AF72.scaffold_18	99.72	359	1	0	1	359	169975	171048	1.2e-212	738.7
aclF_Afu8g06780	AF72.scaffold_18	26.52	328	196	45	27	349	185597	186447	8.7e-09	61.4
aclF_Afu8g06780	AF72.scaffold_56	27.80	295	190	23	29	312	88011	88856	1e-11	71.2
aclF_Afu8g06780	AF72.scaffold_18	27.75	346	208	42	35	356	171044	170076	1.7e-11	70.4
aclF_Afu8g06780	AF72.scaffold_67	30.29	307	174	40	39	321	25624	24769	4.7e-10	65.5
aclF_Afu8g06780	AF72.scaffold_35	30.91	275	167	23	23	285	279695	280469	1.4e-09	63.8
aclF_Afu8g06780	AF72.scaffold_84	27.60	279	168	34	28	293	24506	25276	2.7e-09	62.5
aclF_Afu8g06780	AF72.scaffold_17	33.17	199	105	28	47	236	142874	143406	7.2e-09	61.7
aclF_Afu8g06780	AF72.scaffold_25	27.50	360	192	69	1	344	238574	237669	2.2e-08	60.1
aclF_Afu8g06780	AF72.scaffold_29	27.14	280	172	32	29	299	109645	110406	1.2e-07	57.6
aclF_Afu8g06780	AF72.scaffold_17	29.44	197	109	30	39	224	206610	206080	1.2e-07	57.6
aclF_Afu8g06780	AF72.scaffold_36	26.54	309	200	27	33	335	13158	14008	1.8e-07	57.1
aclF_Afu8g06780	AF72.scaffold_2	29.76	205	118	26	35	216	383661	383063	3.1e-07	56.3
aclF_Afu8g06780	AF72.scaffold_33	26.60	203	107	42	37	238	29676	30154	9.5e-07	54.6
aclF_Afu8g06780	AF72.scaffold_65	26.48	287	181	30	29	301	43321	44124	1.1e-06	54.4
aclF_Afu8g06780	AF72.scaffold_40	25.27	364	225	47	30	358	205915	204863	1.8e-06	53.0
aclF_Afu8g06780	AF72.scaffold_17	26.07	234	155	18	122	341	143282	142596	2.4e-06	53.3
aclF_Afu8g06780	AF72.scaffold_63	36.89	103	54	11	28	126	43112	42828	5.9e-06	51.9
aclF_Afu8g06780	AF72.scaffold_75	35.16	91	48	11	29	114	121404	121153	7.4e-06	51.4
