hrmAp_Afu5g14900	AFIS_2101_CDC-1.scaffold_12	32.38	349	228	8	11	355	4663	3632	2.7e-36	152.3
aclF_Afu8g06780	AFIS_2101_CDC-1.scaffold_26	95.54	359	0	16	1	359	37570	38595	4.9e-134	476.9
aclF_Afu8g06780	AFIS_2101_CDC-1.scaffold_26	26.44	329	195	47	27	349	53144	53994	1.3e-09	63.6
aclF_Afu8g06780	AFIS_2101_CDC-1.scaffold_26	28.48	330	191	45	54	356	38591	37671	1.3e-13	76.9
aclF_Afu8g06780	AFIS_2101_CDC-1.scaffold_73	30.29	307	174	40	39	321	110687	111542	2.2e-10	66.0
aclF_Afu8g06780	AFIS_2101_CDC-1.scaffold_39	27.72	285	160	46	28	293	79347	78577	5.2e-10	64.9
aclF_Afu8g06780	AFIS_2101_CDC-1.scaffold_50	27.78	324	196	38	25	335	166656	167543	5.2e-10	63.0
aclF_Afu8g06780	AFIS_2101_CDC-1.scaffold_16	33.17	199	105	28	47	236	76960	77492	4.9e-09	61.7
aclF_Afu8g06780	AFIS_2101_CDC-1.scaffold_71	27.50	360	192	69	1	344	62190	63095	1e-08	60.6
aclF_Afu8g06780	AFIS_2101_CDC-1.scaffold_84	38.27	162	82	18	138	285	4568	4102	1.4e-08	59.8
aclF_Afu8g06780	AFIS_2101_CDC-1.scaffold_119	29.44	197	109	30	39	224	19634	19104	2.7e-08	57.6
aclF_Afu8g06780	AFIS_2101_CDC-1.scaffold_25	27.14	280	172	32	29	299	109660	110421	8.2e-08	57.6
aclF_Afu8g06780	AFIS_2101_CDC-1.scaffold_2	26.43	227	144	23	24	238	510395	509751	1.7e-07	56.5
aclF_Afu8g06780	AFIS_2101_CDC-1.scaffold_1	29.76	205	118	26	35	216	952189	951591	2.1e-07	56.3
aclF_Afu8g06780	AFIS_2101_CDC-1.scaffold_15	26.60	203	107	42	37	238	211632	211154	6.5e-07	54.6
aclF_Afu8g06780	AFIS_2101_CDC-1.scaffold_49	26.48	287	181	30	29	301	95236	94433	7.9e-07	54.4
aclF_Afu8g06780	AFIS_2101_CDC-1.scaffold_45	28.82	340	196	46	49	357	7631	6680	1.7e-06	53.3
aclF_Afu8g06780	AFIS_2101_CDC-1.scaffold_16	26.07	234	155	18	122	341	77368	76682	1.7e-06	53.3
aclF_Afu8g06780	AFIS_2101_CDC-1.scaffold_1	36.89	103	54	11	28	126	99232	99516	2e-06	53.0
aclF_Afu8g06780	AFIS_2101_CDC-1.scaffold_65	37.63	93	41	17	29	115	101539	101781	2.4e-06	52.7
aclF_Afu8g06780	AFIS_2101_CDC-1.scaffold_2	26.23	244	155	25	36	265	814378	813689	7.5e-06	51.1
