hrmAp_Afu5g14900	Afu_942_09.scaffold_19	34.67	349	220	8	11	355	19240	18209	3.6e-41	168.5
aclF_Afu8g06780	Afu_942_09.scaffold_7	100.00	359	0	0	1	359	181180	182253	2.3e-213	740.6
aclF_Afu8g06780	Afu_942_09.scaffold_7	27.75	346	208	42	35	356	182249	181281	1.3e-11	70.4
aclF_Afu8g06780	Afu_942_09.scaffold_45	27.72	285	160	46	28	293	115187	115957	2.1e-09	63.0
aclF_Afu8g06780	Afu_942_09.scaffold_103	34.44	180	96	22	129	291	24319	24834	4.2e-09	59.5
aclF_Afu8g06780	Afu_942_09.scaffold_1	33.17	199	105	28	47	236	514372	513840	5.3e-09	61.7
aclF_Afu8g06780	Afu_942_09.scaffold_15	27.50	360	192	69	1	344	509912	510817	5.5e-09	60.6
aclF_Afu8g06780	Afu_942_09.scaffold_1	27.14	280	172	32	29	299	867933	867172	8.9e-08	57.6
aclF_Afu8g06780	Afu_942_09.scaffold_19	29.44	197	109	30	39	224	436216	436746	8.9e-08	57.6
aclF_Afu8g06780	Afu_942_09.scaffold_55	29.76	205	118	26	35	216	50746	50148	2.3e-07	56.3
aclF_Afu8g06780	Afu_942_09.scaffold_8	30.29	307	174	40	39	321	555177	556032	2.8e-07	56.0
aclF_Afu8g06780	Afu_942_09.scaffold_5	27.31	227	142	23	24	238	835680	835036	4e-07	55.4
aclF_Afu8g06780	Afu_942_09.scaffold_17	28.03	289	150	58	29	316	245351	246043	7e-07	54.6
aclF_Afu8g06780	Afu_942_09.scaffold_13	26.13	287	182	30	29	301	324883	325686	8.5e-07	54.4
aclF_Afu8g06780	Afu_942_09.scaffold_1	26.07	234	155	18	122	341	513964	514650	1.2e-06	53.8
aclF_Afu8g06780	Afu_942_09.scaffold_6	36.89	103	54	11	28	126	809184	808900	2.2e-06	53.0
aclF_Afu8g06780	Afu_942_09.scaffold_22	37.63	93	41	17	29	115	118404	118162	2.6e-06	52.7
