cgnA_Afu5g14910	B5224_CDC-21.scaffold_39	47.92	96	44	6	11	101	282331	282600	7.7e-08	56.2
aclF_Afu8g06780	B5224_CDC-21.scaffold_14	95.54	359	0	16	1	359	363995	362970	3.7e-133	473.9
aclF_Afu8g06780	B5224_CDC-21.scaffold_14	26.44	329	195	47	27	349	348421	347571	1.3e-09	63.6
aclF_Afu8g06780	B5224_CDC-21.scaffold_14	28.48	330	191	45	54	356	362974	363894	1.3e-13	76.9
aclF_Afu8g06780	B5224_CDC-21.scaffold_111	39.87	153	78	14	143	285	6191	5752	1.8e-11	66.5
aclF_Afu8g06780	B5224_CDC-21.scaffold_11	27.97	311	204	20	23	322	1344	458	1.5e-09	63.3
aclF_Afu8g06780	B5224_CDC-21.scaffold_37	33.17	199	105	28	47	236	264343	263811	4.8e-09	61.7
aclF_Afu8g06780	B5224_CDC-21.scaffold_58	29.41	289	162	42	28	292	80269	81078	6.9e-09	61.1
aclF_Afu8g06780	B5224_CDC-21.scaffold_2	27.50	360	192	69	1	344	827761	826856	1.5e-08	60.1
aclF_Afu8g06780	B5224_CDC-21.scaffold_6	34.34	166	83	26	37	193	11179	10746	1.8e-08	59.8
aclF_Afu8g06780	B5224_CDC-21.scaffold_38	29.44	197	109	30	39	224	239087	239617	8e-08	57.6
aclF_Afu8g06780	B5224_CDC-21.scaffold_51	27.14	280	172	32	29	299	69477	68716	8e-08	57.6
aclF_Afu8g06780	B5224_CDC-21.scaffold_40	29.76	205	118	26	35	216	43032	42434	2e-07	56.3
aclF_Afu8g06780	B5224_CDC-21.scaffold_1	30.29	307	174	40	39	321	745447	744592	2.5e-07	56.0
aclF_Afu8g06780	B5224_CDC-21.scaffold_5	27.31	227	142	23	24	238	512243	511599	3e-07	55.7
aclF_Afu8g06780	B5224_CDC-21.scaffold_4	27.74	274	142	56	29	301	442346	442999	6.3e-07	54.6
aclF_Afu8g06780	B5224_CDC-21.scaffold_2	26.48	287	181	30	29	301	553021	553824	7.6e-07	54.4
aclF_Afu8g06780	B5224_CDC-21.scaffold_37	26.07	234	155	18	122	341	263935	264621	1.1e-06	53.8
aclF_Afu8g06780	B5224_CDC-21.scaffold_4	36.89	103	54	11	28	126	253536	253252	1.9e-06	53.0
aclF_Afu8g06780	B5224_CDC-21.scaffold_35	37.63	93	41	17	29	115	124492	124250	2.4e-06	52.7
aclF_Afu8g06780	B5224_CDC-21.scaffold_5	26.14	241	153	25	39	265	816227	815547	3.4e-06	52.2
