cgnA_Afu5g14910	B5257_CDC-28.scaffold_119	32.99	97	65	0	11	107	4469	4182	2e-13	71.1
cgnA_Afu5g14910	B5257_CDC-28.scaffold_41	31.93	119	77	4	22	140	19357	19698	6.8e-12	69.8
hrmAp_Afu5g14900	B5257_CDC-28.scaffold_15	31.23	349	232	8	11	355	68470	67439	6.9e-33	140.9
aclF_Afu8g06780	B5257_CDC-28.scaffold_38	95.26	359	1	16	1	359	38524	39549	8.2e-134	476.1
aclF_Afu8g06780	B5257_CDC-28.scaffold_38	26.52	328	196	45	27	349	58131	58981	5.7e-09	61.4
aclF_Afu8g06780	B5257_CDC-28.scaffold_38	28.48	330	191	45	54	356	39545	38625	1.8e-13	76.3
aclF_Afu8g06780	B5257_CDC-28.scaffold_122	39.87	153	78	14	143	285	6178	5739	1.1e-11	66.5
aclF_Afu8g06780	B5257_CDC-28.scaffold_5	31.68	202	100	38	29	218	748122	747604	4.7e-09	61.7
aclF_Afu8g06780	B5257_CDC-28.scaffold_1	27.50	360	192	69	1	344	834972	835877	1.5e-08	60.1
aclF_Afu8g06780	B5257_CDC-28.scaffold_8	29.41	289	162	42	28	292	96826	96017	3.7e-08	58.7
aclF_Afu8g06780	B5257_CDC-28.scaffold_57	36.99	146	83	9	143	285	643	231	4.5e-08	58.4
aclF_Afu8g06780	B5257_CDC-28.scaffold_50	30.29	307	174	40	39	321	166029	166884	7.1e-08	56.0
aclF_Afu8g06780	B5257_CDC-28.scaffold_12	27.14	280	172	32	29	299	366724	367485	7.9e-08	57.6
aclF_Afu8g06780	B5257_CDC-28.scaffold_13	29.44	197	109	30	39	224	63620	63090	7.9e-08	57.6
aclF_Afu8g06780	B5257_CDC-28.scaffold_11	29.76	205	118	26	35	216	383760	383162	2e-07	56.3
aclF_Afu8g06780	B5257_CDC-28.scaffold_20	26.60	203	107	42	37	238	304973	304495	6.3e-07	54.6
aclF_Afu8g06780	B5257_CDC-28.scaffold_1	26.48	287	181	30	29	301	1109787	1108984	7.5e-07	54.4
aclF_Afu8g06780	B5257_CDC-28.scaffold_5	33.33	120	70	10	29	147	748122	747797	8.7e-07	54.1
aclF_Afu8g06780	B5257_CDC-28.scaffold_5	26.07	234	155	18	122	341	747767	748453	1.5e-06	53.3
aclF_Afu8g06780	B5257_CDC-28.scaffold_5	36.31	157	80	20	115	254	747680	748120	1.6e-06	53.3
aclF_Afu8g06780	B5257_CDC-28.scaffold_31	36.89	103	54	11	28	126	43111	42827	1.9e-06	53.0
aclF_Afu8g06780	B5257_CDC-28.scaffold_4	37.63	93	41	17	29	115	946652	946894	1.9e-06	53.0
