cgnA_Afu5g14910	B5460_CDC-13.scaffold_157	41.30	138	74	7	10	142	3775	3371	7.3e-23	102.6
hrmAp_Afu5g14900	B5460_CDC-13.scaffold_29	34.67	349	220	8	11	355	34925	33894	3.7e-41	168.5
hrmAp_Afu5g14900	B5460_CDC-13.scaffold_13	31.23	349	232	8	11	355	454286	455317	9.9e-34	140.8
aclF_Afu8g06780	B5460_CDC-13.scaffold_14	100.00	359	0	0	1	359	38502	39575	2.3e-213	740.6
aclF_Afu8g06780	B5460_CDC-13.scaffold_61	26.32	323	202	36	25	335	25453	26340	4.3e-12	72.0
aclF_Afu8g06780	B5460_CDC-13.scaffold_35	27.80	295	190	23	29	312	240652	241497	6.7e-12	71.2
aclF_Afu8g06780	B5460_CDC-13.scaffold_14	27.75	346	208	42	35	356	39571	38603	1.9e-11	69.8
aclF_Afu8g06780	B5460_CDC-13.scaffold_49	33.17	199	105	28	47	236	63019	62487	5.4e-09	61.7
aclF_Afu8g06780	B5460_CDC-13.scaffold_2	27.50	360	192	69	1	344	598051	597146	1.7e-08	60.1
aclF_Afu8g06780	B5460_CDC-13.scaffold_38	29.41	289	162	42	28	292	180737	181546	3.7e-08	58.7
aclF_Afu8g06780	B5460_CDC-13.scaffold_28	29.44	197	109	30	39	224	63618	63088	9.1e-08	57.6
aclF_Afu8g06780	B5460_CDC-13.scaffold_9	27.14	280	172	32	29	299	208740	207979	9.1e-08	57.6
aclF_Afu8g06780	B5460_CDC-13.scaffold_4	29.76	205	118	26	35	216	51704	52302	2.3e-07	56.3
aclF_Afu8g06780	B5460_CDC-13.scaffold_54	30.29	307	174	40	39	321	25746	24891	2.8e-07	56.0
aclF_Afu8g06780	B5460_CDC-13.scaffold_19	27.33	333	200	42	49	352	133257	134197	4.9e-07	55.2
aclF_Afu8g06780	B5460_CDC-13.scaffold_21	26.60	203	107	42	37	238	263000	262522	7.2e-07	54.6
aclF_Afu8g06780	B5460_CDC-13.scaffold_49	26.07	234	155	18	122	341	62611	63297	1.3e-06	53.8
aclF_Afu8g06780	B5460_CDC-13.scaffold_40	40.19	107	56	8	143	242	6081	5767	1.3e-06	53.8
aclF_Afu8g06780	B5460_CDC-13.scaffold_42	25.27	364	225	47	30	358	205839	204787	1.3e-06	53.0
aclF_Afu8g06780	B5460_CDC-13.scaffold_45	37.63	93	41	17	29	115	124952	124710	2.2e-06	53.0
aclF_Afu8g06780	B5460_CDC-13.scaffold_37	30.82	146	80	21	113	249	132151	131753	3.2e-06	52.5
aclF_Afu8g06780	B5460_CDC-13.scaffold_2	26.48	287	181	30	29	301	323192	323995	3.9e-06	52.2
aclF_Afu8g06780	B5460_CDC-13.scaffold_17	36.89	103	54	11	28	126	255500	255216	4.7e-06	51.9
aclF_Afu8g06780	B5460_CDC-13.scaffold_9	26.23	244	155	25	36	265	401630	402319	8.3e-06	51.1
aclF_Afu8g06780	B5460_CDC-13.scaffold_157	32.69	156	91	14	142	283	3872	3414	1e-05	47.0
