hrmAp_Afu5g14900	B5852.scaffold_455	30.66	349	234	8	11	355	11331	12362	3.5e-31	133.5
aclF_Afu8g06780	B5852.scaffold_228	99.72	359	1	0	1	359	3707	2634	1.5e-212	737.5
aclF_Afu8g06780	B5852.scaffold_19	26.32	323	202	36	25	335	121867	120980	1.2e-11	72.0
aclF_Afu8g06780	B5852.scaffold_228	27.93	333	203	37	54	356	2638	3606	2.7e-11	69.0
aclF_Afu8g06780	B5852.scaffold_110	27.08	277	172	30	28	293	24049	23279	2.1e-09	63.6
aclF_Afu8g06780	B5852.scaffold_196	27.14	280	172	32	29	299	46380	47141	7.3e-09	61.1
aclF_Afu8g06780	B5852.scaffold_57	33.17	199	105	28	47	236	1651	1119	1.1e-08	61.7
aclF_Afu8g06780	B5852.scaffold_128	27.50	360	192	69	1	344	62219	63124	1.5e-08	60.6
aclF_Afu8g06780	B5852.scaffold_329	29.44	197	109	30	39	224	28254	28784	5.1e-08	57.6
aclF_Afu8g06780	B5852.scaffold_354	29.52	166	107	10	93	254	2493	2967	8.1e-08	56.8
aclF_Afu8g06780	B5852.scaffold_294	30.29	307	174	40	39	321	7615	8470	1.8e-07	55.9
aclF_Afu8g06780	B5852.scaffold_268	27.31	227	142	23	24	238	19691	20335	2.4e-07	55.7
aclF_Afu8g06780	B5852.scaffold_173	29.76	205	118	26	35	216	24272	23674	2.4e-07	56.2
aclF_Afu8g06780	B5852.scaffold_421	36.89	103	54	11	28	126	5038	4754	7.4e-07	52.9
aclF_Afu8g06780	B5852.scaffold_346	28.82	340	196	46	49	357	19594	20545	9.6e-07	53.2
aclF_Afu8g06780	B5852.scaffold_27	26.48	287	181	30	29	301	95218	94415	2.2e-06	54.4
aclF_Afu8g06780	B5852.scaffold_57	26.07	234	155	18	122	341	1243	1929	2.6e-06	53.8
