hrmAp_Afu5g14900	B6069.scaffold_33	32.09	349	229	8	11	355	149887	150918	1.8e-35	146.5
aclF_Afu8g06780	B6069.scaffold_140	100.00	359	0	0	1	359	38427	39500	3.7e-213	740.5
aclF_Afu8g06780	B6069.scaffold_140	27.75	346	208	42	35	356	39496	38528	3e-11	69.8
aclF_Afu8g06780	B6069.scaffold_83	27.63	257	170	16	29	281	80722	81453	8.9e-10	65.5
aclF_Afu8g06780	B6069.scaffold_78	27.08	277	172	30	28	293	80300	81070	3.4e-09	63.6
aclF_Afu8g06780	B6069.scaffold_37	26.32	323	202	36	25	335	121868	120981	4.8e-09	63.6
aclF_Afu8g06780	B6069.scaffold_636	26.47	306	175	50	20	301	1394	574	1.3e-08	56.2
aclF_Afu8g06780	B6069.scaffold_20	33.17	199	105	28	47	236	142870	143402	1.8e-08	61.7
aclF_Afu8g06780	B6069.scaffold_4	27.50	360	192	69	1	344	179495	178590	4.9e-08	60.1
aclF_Afu8g06780	B6069.scaffold_178	29.44	197	109	30	39	224	25342	24812	1.1e-07	57.6
aclF_Afu8g06780	B6069.scaffold_407	27.21	272	159	39	40	292	10530	11272	1.7e-07	54.8
aclF_Afu8g06780	B6069.scaffold_254	30.29	307	174	40	39	321	25642	24787	2.2e-07	55.9
aclF_Afu8g06780	B6069.scaffold_174	29.76	205	118	26	35	216	30773	31371	2.9e-07	56.2
aclF_Afu8g06780	B6069.scaffold_6	27.14	280	172	32	29	299	46393	47154	3e-07	57.6
aclF_Afu8g06780	B6069.scaffold_362	36.89	103	54	11	28	126	12245	12529	8.9e-07	52.9
aclF_Afu8g06780	B6069.scaffold_300	27.03	333	207	36	49	352	19600	20558	1.4e-06	53.0
aclF_Afu8g06780	B6069.scaffold_347	35.51	107	59	10	29	126	18631	18945	3.7e-06	51.0
aclF_Afu8g06780	B6069.scaffold_920	33.51	188	101	24	47	221	340	849	4e-06	46.4
aclF_Afu8g06780	B6069.scaffold_158	30.82	146	80	21	113	249	31370	31768	4.5e-06	52.4
aclF_Afu8g06780	B6069.scaffold_80	25.27	364	225	47	30	358	68769	67717	5.1e-06	53.0
aclF_Afu8g06780	B6069.scaffold_20	26.07	234	155	18	122	341	143278	142592	6.2e-06	53.3
aclF_Afu8g06780	B6069.scaffold_467	27.23	213	141	14	29	234	1770	1176	7.6e-06	48.6
