hrmAp_Afu5g14900	B6078.scaffold_29	32.09	349	229	8	11	355	149886	150917	1.6e-35	146.5
aclF_Afu8g06780	B6078.scaffold_102	100.00	359	0	0	1	359	54938	56011	4.1e-213	740.5
aclF_Afu8g06780	B6078.scaffold_41	26.32	323	202	36	25	335	13021	13908	1.2e-11	72.0
aclF_Afu8g06780	B6078.scaffold_102	27.75	346	208	42	35	356	56007	55039	3.4e-11	69.8
aclF_Afu8g06780	B6078.scaffold_271	30.29	307	174	40	39	321	6252	7107	1.8e-10	66.0
aclF_Afu8g06780	B6078.scaffold_82	27.91	258	162	24	29	281	80719	81432	6.6e-10	65.7
aclF_Afu8g06780	B6078.scaffold_150	27.08	277	172	30	28	293	24045	23275	1.9e-09	63.6
aclF_Afu8g06780	B6078.scaffold_662	26.47	306	175	50	20	301	1388	568	1.2e-08	56.2
aclF_Afu8g06780	B6078.scaffold_66	33.17	199	105	28	47	236	1654	1122	1.2e-08	61.7
aclF_Afu8g06780	B6078.scaffold_11	27.50	360	192	69	1	344	179492	178587	1.8e-08	60.0
aclF_Afu8g06780	B6078.scaffold_250	29.44	197	109	30	39	224	8431	7901	6.9e-08	57.6
aclF_Afu8g06780	B6078.scaffold_436	27.21	272	159	39	40	292	1402	660	1.5e-07	54.8
aclF_Afu8g06780	B6078.scaffold_172	29.76	205	118	26	35	216	30773	31371	2.6e-07	56.2
aclF_Afu8g06780	B6078.scaffold_33	27.14	280	172	32	29	299	46393	47154	2.7e-07	57.6
aclF_Afu8g06780	B6078.scaffold_382	36.89	103	54	11	28	126	12247	12531	8.1e-07	52.9
aclF_Afu8g06780	B6078.scaffold_292	27.27	330	204	36	49	349	22209	23158	1.4e-06	53.0
aclF_Afu8g06780	B6078.scaffold_64	26.48	287	181	30	29	301	42300	43103	2e-06	54.4
aclF_Afu8g06780	B6078.scaffold_181	25.27	364	225	47	30	358	33190	34242	2.4e-06	53.0
aclF_Afu8g06780	B6078.scaffold_66	26.07	234	155	18	122	341	1246	1932	2.8e-06	53.8
aclF_Afu8g06780	B6078.scaffold_155	30.82	146	80	21	113	249	29428	29030	4e-06	52.4
aclF_Afu8g06780	B6078.scaffold_558	25.23	214	138	22	40	241	4782	4180	5.6e-06	48.3
