hrmAp_Afu5g14900	B6074.scaffold_382	32.09	349	229	8	11	355	4565	3534	5e-35	146.5
aclF_Afu8g06780	B6074.scaffold_135	100.00	359	0	0	1	359	41869	42942	3.4e-213	740.5
aclF_Afu8g06780	B6074.scaffold_174	26.32	323	202	36	25	335	51820	50933	4.8e-12	72.0
aclF_Afu8g06780	B6074.scaffold_135	27.75	346	208	42	35	356	42938	41970	4.9e-11	69.0
aclF_Afu8g06780	B6074.scaffold_74	27.08	277	172	30	28	293	80290	81060	3e-09	63.6
aclF_Afu8g06780	B6074.scaffold_638	26.47	306	175	50	20	301	1394	574	1.2e-08	56.2
aclF_Afu8g06780	B6074.scaffold_17	33.17	199	105	28	47	236	42471	41939	1.6e-08	61.7
aclF_Afu8g06780	B6074.scaffold_13	27.50	360	192	69	1	344	179492	178587	1.8e-08	60.0
aclF_Afu8g06780	B6074.scaffold_183	29.44	197	109	30	39	224	28264	28794	9.8e-08	57.6
aclF_Afu8g06780	B6074.scaffold_77	27.06	218	137	22	29	241	80722	81321	1e-07	58.4
aclF_Afu8g06780	B6074.scaffold_422	27.21	272	159	39	40	292	1404	662	1.5e-07	54.8
aclF_Afu8g06780	B6074.scaffold_273	30.29	307	174	40	39	321	6250	7105	1.8e-07	55.9
aclF_Afu8g06780	B6074.scaffold_4	27.14	280	172	32	29	299	46393	47154	2.7e-07	57.6
aclF_Afu8g06780	B6074.scaffold_19	26.60	203	107	42	37	238	158603	158125	4e-07	54.6
aclF_Afu8g06780	B6074.scaffold_371	36.89	103	54	11	28	126	5038	4754	7.9e-07	52.9
aclF_Afu8g06780	B6074.scaffold_304	27.27	330	204	36	49	349	19598	20547	1.2e-06	53.0
aclF_Afu8g06780	B6074.scaffold_186	25.27	364	225	47	30	358	20025	18973	2.4e-06	53.0
aclF_Afu8g06780	B6074.scaffold_161	30.82	146	80	21	113	249	31173	31571	3.9e-06	52.4
aclF_Afu8g06780	B6074.scaffold_17	26.07	234	155	18	122	341	42063	42749	5.4e-06	53.3
