hrmAp_Afu5g14900	B6079.scaffold_32	32.09	349	229	8	11	355	149888	150919	1.5e-35	146.5
aclF_Afu8g06780	B6079.scaffold_105	100.00	359	0	0	1	359	30433	29360	3.9e-213	740.5
aclF_Afu8g06780	B6079.scaffold_124	26.32	323	202	36	25	335	51815	50928	6.4e-12	72.0
aclF_Afu8g06780	B6079.scaffold_105	27.75	346	208	42	35	356	29364	30332	5.6e-11	69.0
aclF_Afu8g06780	B6079.scaffold_80	27.91	258	162	24	29	281	80721	81434	6.3e-10	65.7
aclF_Afu8g06780	B6079.scaffold_156	27.08	277	172	30	28	293	24049	23279	1.7e-09	63.6
aclF_Afu8g06780	B6079.scaffold_611	26.47	306	175	50	20	301	1091	1911	1.2e-08	56.2
aclF_Afu8g06780	B6079.scaffold_18	33.17	199	105	28	47	236	142875	143407	1.5e-08	61.7
aclF_Afu8g06780	B6079.scaffold_12	27.50	360	192	69	1	344	179495	178590	1.7e-08	60.0
aclF_Afu8g06780	B6079.scaffold_591	32.45	151	86	16	143	278	2205	2647	4e-08	54.5
aclF_Afu8g06780	B6079.scaffold_184	29.44	197	109	30	39	224	25344	24814	9.5e-08	57.6
aclF_Afu8g06780	B6079.scaffold_274	30.29	307	174	40	39	321	25639	24784	1.8e-07	55.9
aclF_Afu8g06780	B6079.scaffold_5	27.14	280	172	32	29	299	208690	207929	1.8e-07	57.6
aclF_Afu8g06780	B6079.scaffold_180	29.76	205	118	26	35	216	30773	31371	2.5e-07	56.2
aclF_Afu8g06780	B6079.scaffold_20	26.60	203	107	42	37	238	158600	158122	3.9e-07	54.6
aclF_Afu8g06780	B6079.scaffold_363	36.89	103	54	11	28	126	5038	4754	7.6e-07	52.9
aclF_Afu8g06780	B6079.scaffold_305	27.27	330	204	36	49	349	7557	6608	1.2e-06	53.0
aclF_Afu8g06780	B6079.scaffold_39	26.48	287	181	30	29	301	95341	94538	2.3e-06	54.4
aclF_Afu8g06780	B6079.scaffold_186	25.27	364	225	47	30	358	33190	34242	2.3e-06	53.0
aclF_Afu8g06780	B6079.scaffold_251	35.16	91	48	11	29	114	37004	36753	2.3e-06	52.4
aclF_Afu8g06780	B6079.scaffold_192	30.82	146	80	21	113	249	31173	31571	3.2e-06	52.4
aclF_Afu8g06780	B6079.scaffold_18	26.07	234	155	18	122	341	143283	142597	3.6e-06	53.8
aclF_Afu8g06780	B6079.scaffold_463	27.23	213	141	14	29	234	1761	1167	6.5e-06	48.6
aclF_Afu8g06780	B6079.scaffold_549	26.67	180	122	10	35	209	673	1186	8.2e-06	47.2
