hrmAp_Afu5g14900	B6081.scaffold_204	32.09	349	229	8	11	355	4584	3553	1.8e-34	146.5
aclF_Afu8g06780	B6081.scaffold_250	100.00	188	0	0	1	188	566	6	8.7e-112	403.1
aclF_Afu8g06780	B6081.scaffold_588	100.00	172	0	0	188	359	8594	8082	7e-95	344.8
aclF_Afu8g06780	B6081.scaffold_63	27.91	258	162	24	29	281	20034	19321	8.1e-10	65.7
aclF_Afu8g06780	B6081.scaffold_30	27.08	277	172	30	28	293	24042	23272	4.6e-09	63.6
aclF_Afu8g06780	B6081.scaffold_25	26.32	323	202	36	25	335	121868	120981	4.9e-09	63.6
aclF_Afu8g06780	B6081.scaffold_827	26.47	306	175	50	20	301	1379	559	1.5e-08	56.2
aclF_Afu8g06780	B6081.scaffold_13	33.17	199	105	28	47	236	42468	41936	2e-08	61.7
aclF_Afu8g06780	B6081.scaffold_72	27.50	360	192	69	1	344	62227	63132	3.8e-08	60.0
aclF_Afu8g06780	B6081.scaffold_274	29.44	197	109	30	39	224	28250	28780	8.5e-08	57.6
aclF_Afu8g06780	B6081.scaffold_588	28.72	188	101	33	54	224	8086	8592	1.3e-07	54.8
aclF_Afu8g06780	B6081.scaffold_11	26.60	203	107	42	37	238	158593	158115	1.7e-07	54.6
aclF_Afu8g06780	B6081.scaffold_309	30.29	307	174	40	39	321	25633	24778	2.3e-07	55.9
aclF_Afu8g06780	B6081.scaffold_171	29.76	205	118	26	35	216	24257	23659	3.2e-07	56.2
aclF_Afu8g06780	B6081.scaffold_15	27.14	280	172	32	29	299	46393	47154	3.4e-07	57.6
aclF_Afu8g06780	B6081.scaffold_117	27.31	227	142	23	24	238	52892	53536	7.2e-07	55.4
aclF_Afu8g06780	B6081.scaffold_454	36.89	103	54	11	28	126	5038	4754	9.9e-07	52.9
aclF_Afu8g06780	B6081.scaffold_412	27.27	330	204	36	49	349	19601	20550	1.2e-06	52.9
aclF_Afu8g06780	B6081.scaffold_13	26.07	234	155	18	122	341	42060	42746	6.9e-06	53.3
aclF_Afu8g06780	B6081.scaffold_86	26.48	287	181	30	29	301	38240	37437	7.9e-06	52.2
