cgnA_Afu5g14910	B6892_CDC-3.scaffold_129	41.38	145	72	13	11	142	3845	3426	1.3e-15	78.2
cgnA_Afu5g14910	B6892_CDC-3.scaffold_130	32.56	86	58	0	22	107	6321	6575	1.2e-06	48.3
aclF_Afu8g06780	B6892_CDC-3.scaffold_9	99.72	359	1	0	1	359	181667	182740	1.6e-212	737.6
aclF_Afu8g06780	B6892_CDC-3.scaffold_9	27.93	333	203	37	54	356	182736	181768	2.9e-11	69.0
aclF_Afu8g06780	B6892_CDC-3.scaffold_2	30.29	307	174	40	39	321	938324	939179	2.7e-10	65.5
aclF_Afu8g06780	B6892_CDC-3.scaffold_37	28.92	287	166	38	28	292	72505	71696	1.8e-09	63.0
aclF_Afu8g06780	B6892_CDC-3.scaffold_59	27.94	315	196	31	23	314	981	80	3.8e-09	62.0
aclF_Afu8g06780	B6892_CDC-3.scaffold_4	33.17	199	105	28	47	236	56608	57140	4.6e-09	61.7
aclF_Afu8g06780	B6892_CDC-3.scaffold_11	27.14	280	172	32	29	299	208778	208017	8e-09	60.9
aclF_Afu8g06780	B6892_CDC-3.scaffold_22	27.50	360	192	69	1	344	101584	102489	1.7e-08	59.8
aclF_Afu8g06780	B6892_CDC-3.scaffold_9	28.11	281	156	46	28	287	313189	313945	5.3e-08	58.2
aclF_Afu8g06780	B6892_CDC-3.scaffold_38	29.44	197	109	30	39	224	61602	61072	7.7e-08	57.6
aclF_Afu8g06780	B6892_CDC-3.scaffold_39	27.78	306	188	33	39	335	259784	258952	1.2e-07	56.5
aclF_Afu8g06780	B6892_CDC-3.scaffold_17	29.76	205	118	26	35	216	205660	206258	2e-07	56.3
aclF_Afu8g06780	B6892_CDC-3.scaffold_22	26.48	287	181	30	29	301	376617	375814	5.9e-07	54.4
aclF_Afu8g06780	B6892_CDC-3.scaffold_1	26.60	203	107	42	37	238	490047	490525	6.1e-07	54.6
aclF_Afu8g06780	B6892_CDC-3.scaffold_4	26.07	234	155	18	122	341	57016	56330	1.6e-06	53.3
aclF_Afu8g06780	B6892_CDC-3.scaffold_1	37.63	93	41	17	29	115	1170068	1170310	1.9e-06	53.0
aclF_Afu8g06780	B6892_CDC-3.scaffold_30	36.89	103	54	11	28	126	255577	255293	1.9e-06	53.0
aclF_Afu8g06780	B6892_CDC-3.scaffold_11	26.14	241	153	25	39	265	401758	402438	3.3e-06	52.2
aclF_Afu8g06780	B6892_CDC-3.scaffold_142	24.00	250	162	28	37	266	2161	1443	6.2e-06	46.4
aclF_Afu8g06780	B6892_CDC-3.scaffold_177	27.84	176	101	26	54	224	158	615	8.3e-06	42.9
