hrmAp_Afu5g14900	B6893_CDC-4.scaffold_18	32.38	349	228	8	11	355	343603	344634	7.6e-36	150.1
aclF_Afu8g06780	B6893_CDC-4.scaffold_16	99.72	359	1	0	1	359	331265	330192	1.1e-212	737.6
aclF_Afu8g06780	B6893_CDC-4.scaffold_16	26.52	328	196	45	27	349	315639	314789	9.1e-07	53.5
aclF_Afu8g06780	B6893_CDC-4.scaffold_29	26.32	323	202	36	25	335	25243	26130	4.3e-12	72.0
aclF_Afu8g06780	B6893_CDC-4.scaffold_16	27.93	333	203	37	54	356	330196	331164	2e-11	69.0
aclF_Afu8g06780	B6893_CDC-4.scaffold_27	30.29	307	174	40	39	321	25739	24884	2.7e-10	66.0
aclF_Afu8g06780	B6893_CDC-4.scaffold_80	27.08	277	172	30	28	293	82112	82882	1.3e-09	63.6
aclF_Afu8g06780	B6893_CDC-4.scaffold_106	27.14	280	172	32	29	299	81426	82187	4.5e-09	61.1
aclF_Afu8g06780	B6893_CDC-4.scaffold_8	33.17	199	105	28	47	236	210187	209655	5.5e-09	61.7
aclF_Afu8g06780	B6893_CDC-4.scaffold_17	27.50	360	192	69	1	344	186558	187463	1.2e-08	60.6
aclF_Afu8g06780	B6893_CDC-4.scaffold_17	26.32	209	129	25	29	228	151670	152241	4.1e-07	55.4
aclF_Afu8g06780	B6893_CDC-4.scaffold_102	29.44	197	109	30	39	224	61618	61088	5.6e-08	57.6
aclF_Afu8g06780	B6893_CDC-4.scaffold_9	29.76	205	118	26	35	216	160852	161450	2.4e-07	56.3
aclF_Afu8g06780	B6893_CDC-4.scaffold_155	28.82	340	196	46	49	357	22201	23152	5.3e-07	53.2
aclF_Afu8g06780	B6893_CDC-4.scaffold_23	26.60	203	107	42	37	238	158606	158128	7.3e-07	54.6
aclF_Afu8g06780	B6893_CDC-4.scaffold_50	26.48	287	181	30	29	301	95185	94382	8.8e-07	54.4
aclF_Afu8g06780	B6893_CDC-4.scaffold_8	26.07	234	155	18	122	341	209779	210465	1.3e-06	53.8
aclF_Afu8g06780	B6893_CDC-4.scaffold_2	37.63	93	41	17	29	115	466097	466339	2.2e-06	53.0
aclF_Afu8g06780	B6893_CDC-4.scaffold_19	36.89	103	54	11	28	126	99324	99608	2.3e-06	53.0
aclF_Afu8g06780	B6893_CDC-4.scaffold_10	26.23	244	155	25	36	265	320456	319767	7.5e-06	51.1
aclF_Afu8g06780	B6893_CDC-4.scaffold_123	28.38	148	79	27	33	166	12881	12482	9.7e-06	49.7
