cgnA_Afu5g14910	B72911_CDC-15.scaffold_24	41.67	84	49	0	20	103	345705	345953	2e-10	63.4
hrmAp_Afu5g14900	B72911_CDC-15.scaffold_48	32.38	349	228	8	11	355	229500	230531	1.4e-36	152.3
aclF_Afu8g06780	B72911_CDC-15.scaffold_67	99.72	359	1	0	1	359	38530	39603	1.6e-212	737.6
aclF_Afu8g06780	B72911_CDC-15.scaffold_67	26.52	328	196	45	27	349	54156	55006	5.6e-09	61.4
aclF_Afu8g06780	B72911_CDC-15.scaffold_67	27.93	333	203	37	54	356	39599	38631	1.6e-10	66.6
aclF_Afu8g06780	B72911_CDC-15.scaffold_116	28.15	302	198	19	23	313	875	13	1.8e-10	64.4
aclF_Afu8g06780	B72911_CDC-15.scaffold_134	38.27	162	82	18	138	285	3463	2997	1.7e-09	59.7
aclF_Afu8g06780	B72911_CDC-15.scaffold_59	27.60	279	168	34	28	293	82268	83038	2.6e-09	62.5
aclF_Afu8g06780	B72911_CDC-15.scaffold_19	33.17	199	105	28	47	236	335506	334974	2.9e-09	61.7
aclF_Afu8g06780	B72911_CDC-15.scaffold_6	27.14	280	172	32	29	299	210817	210056	8.1e-09	60.9
aclF_Afu8g06780	B72911_CDC-15.scaffold_90	27.50	360	192	69	1	344	7116	6211	9.8e-09	60.0
aclF_Afu8g06780	B72911_CDC-15.scaffold_1	29.44	197	109	30	39	224	1062792	1063322	4.1e-08	57.6
aclF_Afu8g06780	B72911_CDC-15.scaffold_56	29.76	205	118	26	35	216	160639	161237	5.7e-08	56.2
aclF_Afu8g06780	B72911_CDC-15.scaffold_3	30.29	307	174	40	39	321	391330	390475	2.4e-07	56.0
aclF_Afu8g06780	B72911_CDC-15.scaffold_28	26.60	203	107	42	37	238	62799	63277	6.1e-07	54.6
aclF_Afu8g06780	B72911_CDC-15.scaffold_19	26.07	234	155	18	122	341	335098	335784	6.7e-07	53.8
aclF_Afu8g06780	B72911_CDC-15.scaffold_20	26.48	287	181	30	29	301	267826	267023	7.4e-07	54.4
aclF_Afu8g06780	B72911_CDC-15.scaffold_8	37.63	93	41	17	29	115	124505	124263	1.9e-06	53.0
aclF_Afu8g06780	B72911_CDC-15.scaffold_6	26.14	241	153	25	39	265	403781	404461	3.3e-06	52.2
aclF_Afu8g06780	B72911_CDC-15.scaffold_47	36.89	103	54	11	28	126	99707	99991	4e-06	51.9
