hrmAp_Afu5g14900	B7444_CDC-7.scaffold_22	32.38	349	228	8	11	355	85049	84018	3.6e-36	151.7
aclF_Afu8g06780	B7444_CDC-7.scaffold_82	100.00	359	0	0	1	359	53758	52685	1.2e-213	740.5
aclF_Afu8g06780	B7444_CDC-7.scaffold_82	27.75	346	208	42	35	356	52689	53657	9.9e-12	69.8
aclF_Afu8g06780	B7444_CDC-7.scaffold_56	27.08	277	172	30	28	293	79351	78581	1.2e-09	63.6
aclF_Afu8g06780	B7444_CDC-7.scaffold_1	33.17	199	105	28	47	236	1077277	1077809	4.5e-09	61.7
aclF_Afu8g06780	B7444_CDC-7.scaffold_1	27.14	280	172	32	29	299	721658	722419	6.6e-09	61.1
aclF_Afu8g06780	B7444_CDC-7.scaffold_80	27.50	360	192	69	1	344	94788	95693	9.6e-09	60.0
aclF_Afu8g06780	B7444_CDC-7.scaffold_4	26.90	316	192	39	25	320	121411	122286	9.6e-09	60.6
aclF_Afu8g06780	B7444_CDC-7.scaffold_31	29.44	197	109	30	39	224	238952	239482	7.6e-08	57.6
aclF_Afu8g06780	B7444_CDC-7.scaffold_11	29.76	205	118	26	35	216	240802	241400	1.9e-07	56.3
aclF_Afu8g06780	B7444_CDC-7.scaffold_1	26.43	227	144	23	24	238	224670	224026	1.9e-07	56.3
aclF_Afu8g06780	B7444_CDC-7.scaffold_63	30.29	307	174	40	39	321	114903	115758	2.2e-07	56.0
aclF_Afu8g06780	B7444_CDC-7.scaffold_49	45.16	62	33	1	35	95	197023	197201	3.4e-07	53.8
aclF_Afu8g06780	B7444_CDC-7.scaffold_21	26.60	203	107	42	37	238	346807	346329	5.3e-07	54.6
aclF_Afu8g06780	B7444_CDC-7.scaffold_122	35.64	101	46	19	33	132	22	267	5.8e-07	51.0
aclF_Afu8g06780	B7444_CDC-7.scaffold_26	26.48	287	181	30	29	301	238939	239742	7.2e-07	54.4
aclF_Afu8g06780	B7444_CDC-7.scaffold_1	26.07	234	155	18	122	341	1077685	1076999	1.5e-06	53.3
aclF_Afu8g06780	B7444_CDC-7.scaffold_30	36.89	103	54	11	28	126	43093	42809	1.9e-06	53.0
aclF_Afu8g06780	B7444_CDC-7.scaffold_16	37.63	93	41	17	29	115	119982	119740	2.2e-06	52.7
aclF_Afu8g06780	B7444_CDC-7.scaffold_37	38.46	91	50	6	14	102	64017	63768	6.9e-06	51.1
aclF_Afu8g06780	B7444_CDC-7.scaffold_91	28.22	326	190	44	24	326	72549	71668	7.2e-06	50.0
