cgnA_Afu5g14910	B7518_CDC-26.scaffold_69	41.67	84	49	0	20	103	132716	132964	6.9e-10	63.5
aclF_Afu8g06780	B7518_CDC-26.scaffold_30	95.26	359	1	16	1	359	283565	282540	4.2e-132	471.0
aclF_Afu8g06780	B7518_CDC-26.scaffold_30	26.52	328	196	45	27	349	267987	267137	8.1e-09	61.4
aclF_Afu8g06780	B7518_CDC-26.scaffold_30	27.60	279	156	46	28	287	152101	151349	4.4e-08	59.0
aclF_Afu8g06780	B7518_CDC-26.scaffold_30	28.13	327	196	39	54	356	282544	283464	5.8e-14	78.5
aclF_Afu8g06780	B7518_CDC-26.scaffold_112	28.57	273	177	18	23	285	1017	242	2.2e-10	63.5
aclF_Afu8g06780	B7518_CDC-26.scaffold_15	27.60	279	168	34	28	293	439573	440343	1e-09	64.4
aclF_Afu8g06780	B7518_CDC-26.scaffold_32	27.78	324	196	38	25	335	298880	297993	2.6e-09	63.0
aclF_Afu8g06780	B7518_CDC-26.scaffold_39	31.58	190	112	18	29	215	77017	77532	4.6e-09	62.2
aclF_Afu8g06780	B7518_CDC-26.scaffold_84	27.50	360	192	69	1	344	62167	63072	1.2e-08	59.8
aclF_Afu8g06780	B7518_CDC-26.scaffold_29	40.20	102	56	5	145	242	333484	333783	1.5e-08	58.7
aclF_Afu8g06780	B7518_CDC-26.scaffold_36	30.24	205	117	26	35	216	42405	41807	9.4e-08	57.9
aclF_Afu8g06780	B7518_CDC-26.scaffold_3	29.44	197	109	30	39	224	513560	513030	1.1e-07	57.6
aclF_Afu8g06780	B7518_CDC-26.scaffold_47	27.14	280	172	32	29	299	151239	150478	1.2e-07	57.1
aclF_Afu8g06780	B7518_CDC-26.scaffold_11	27.31	227	142	23	24	238	46184	46828	4.2e-07	55.7
aclF_Afu8g06780	B7518_CDC-26.scaffold_20	26.60	203	107	42	37	238	161927	162405	9e-07	54.6
aclF_Afu8g06780	B7518_CDC-26.scaffold_5	26.48	287	181	30	29	301	88290	87487	1.1e-06	54.4
aclF_Afu8g06780	B7518_CDC-26.scaffold_30	38.55	83	42	9	21	102	337461	337680	2.7e-06	51.1
aclF_Afu8g06780	B7518_CDC-26.scaffold_28	36.89	103	54	11	28	126	99894	99610	2.8e-06	53.0
aclF_Afu8g06780	B7518_CDC-26.scaffold_12	37.63	93	41	17	29	115	415799	416041	2.8e-06	53.0
aclF_Afu8g06780	B7518_CDC-26.scaffold_7	25.27	364	225	47	30	358	441523	442575	2.8e-06	53.0
aclF_Afu8g06780	B7518_CDC-26.scaffold_39	30.58	242	137	31	115	341	77459	76799	3.3e-06	52.7
