hrmAp_Afu5g14900	B7586_CDC-30.scaffold_105	34.67	349	220	8	11	355	34935	33904	1.4e-41	168.5
hrmAp_Afu5g14900	B7586_CDC-30.scaffold_128	31.23	349	232	8	11	355	2346	3377	1.2e-33	140.8
hrmAp_Afu5g14900	B7586_CDC-30.scaffold_316	34.18	158	101	3	199	355	27	491	1.7e-14	73.3
aclF_Afu8g06780	B7586_CDC-30.scaffold_29	100.00	359	0	0	1	359	94796	95869	3.4e-213	740.6
aclF_Afu8g06780	B7586_CDC-30.scaffold_29	27.75	346	208	42	35	356	95865	94897	2.8e-11	69.8
aclF_Afu8g06780	B7586_CDC-30.scaffold_19	27.08	277	172	30	28	293	397653	398423	2.1e-09	63.6
aclF_Afu8g06780	B7586_CDC-30.scaffold_120	31.29	278	163	28	23	285	4198	3423	3.5e-09	60.0
aclF_Afu8g06780	B7586_CDC-30.scaffold_25	31.68	202	100	38	29	218	143058	143576	7.9e-09	61.7
aclF_Afu8g06780	B7586_CDC-30.scaffold_4	27.14	280	172	32	29	299	2714	1953	1.2e-08	61.1
aclF_Afu8g06780	B7586_CDC-30.scaffold_22	27.50	360	192	69	1	344	7159	6254	1.7e-08	60.6
aclF_Afu8g06780	B7586_CDC-30.scaffold_74	38.94	113	60	9	141	250	112378	112695	2.3e-08	59.8
aclF_Afu8g06780	B7586_CDC-30.scaffold_54	29.44	197	109	30	39	224	108962	109492	1.3e-07	57.6
aclF_Afu8g06780	B7586_CDC-30.scaffold_18	29.76	205	118	26	35	216	479875	480473	1.4e-07	56.2
aclF_Afu8g06780	B7586_CDC-30.scaffold_4	26.43	227	144	23	24	238	499886	500530	2.8e-07	56.5
aclF_Afu8g06780	B7586_CDC-30.scaffold_3	30.29	307	174	40	39	321	603411	604266	4.1e-07	56.0
aclF_Afu8g06780	B7586_CDC-30.scaffold_65	26.58	316	188	44	25	320	119582	120442	5.5e-07	55.4
aclF_Afu8g06780	B7586_CDC-30.scaffold_2	26.60	203	107	42	37	238	207945	208423	1.1e-06	54.6
aclF_Afu8g06780	B7586_CDC-30.scaffold_5	26.48	287	181	30	29	301	531942	532745	1.3e-06	54.4
aclF_Afu8g06780	B7586_CDC-30.scaffold_25	28.87	239	146	24	122	341	143413	142727	2.7e-06	53.3
aclF_Afu8g06780	B7586_CDC-30.scaffold_19	28.82	340	196	46	49	357	7633	6682	2.7e-06	53.3
aclF_Afu8g06780	B7586_CDC-30.scaffold_50	36.89	103	54	11	28	126	4182	4466	3.3e-06	53.0
aclF_Afu8g06780	B7586_CDC-30.scaffold_2	37.63	93	41	17	29	115	886385	886627	3.3e-06	53.0
