hrmAp_Afu5g14900	CM3248.scaffold_7	31.23	349	232	8	11	355	238470	239501	1.5e-32	140.9
aclF_Afu8g06780	CM3248.scaffold_12	95.26	359	1	16	1	359	34877	35902	1.7e-132	473.1
aclF_Afu8g06780	CM3248.scaffold_12	26.52	328	196	45	27	349	54484	55334	1.5e-08	61.4
aclF_Afu8g06780	CM3248.scaffold_12	28.48	330	191	45	54	356	35898	34978	4.7e-13	76.3
aclF_Afu8g06780	CM3248.scaffold_345	32.25	276	163	24	23	285	4106	3331	1.8e-10	64.9
aclF_Afu8g06780	CM3248.scaffold_126	26.42	318	204	30	31	335	15711	16604	1e-09	64.1
aclF_Afu8g06780	CM3248.scaffold_25	33.17	199	105	28	47	236	114914	115446	1.2e-08	61.7
aclF_Afu8g06780	CM3248.scaffold_51	27.50	360	192	69	1	344	54260	55165	3.3e-08	60.1
aclF_Afu8g06780	CM3248.scaffold_51	26.32	209	129	25	29	228	19343	19914	8.1e-07	55.4
aclF_Afu8g06780	CM3248.scaffold_384	30.29	307	174	40	39	321	6240	7095	6.7e-08	55.9
aclF_Afu8g06780	CM3248.scaffold_61	29.41	289	162	42	28	292	72433	71624	7.6e-08	58.7
aclF_Afu8g06780	CM3248.scaffold_408	27.21	272	159	39	40	292	10127	10869	1.1e-07	54.8
aclF_Afu8g06780	CM3248.scaffold_172	29.76	205	118	26	35	216	19517	18919	1.8e-07	56.2
aclF_Afu8g06780	CM3248.scaffold_3	27.14	280	172	32	29	299	210442	209681	1.9e-07	57.6
aclF_Afu8g06780	CM3248.scaffold_21	29.44	197	109	30	39	224	25327	24797	2e-07	57.6
aclF_Afu8g06780	CM3248.scaffold_41	27.31	227	142	23	24	238	128760	128116	8.8e-07	55.4
aclF_Afu8g06780	CM3248.scaffold_48	26.48	287	181	30	29	301	95679	96482	1.7e-06	54.4
aclF_Afu8g06780	CM3248.scaffold_166	27.03	333	207	36	49	352	32640	33598	1.8e-06	53.0
aclF_Afu8g06780	CM3248.scaffold_25	26.07	234	155	18	122	341	115322	114636	4.1e-06	53.3
aclF_Afu8g06780	CM3248.scaffold_457	27.41	135	91	7	18	145	1669	1268	4.7e-06	48.6
