hrmAp_Afu5g14900	CM3249.scaffold_282	34.57	350	220	9	11	355	30264	31294	5.3e-40	163.9
aclF_Afu8g06780	CM3249.scaffold_197	100.00	359	0	0	1	359	14113	13040	1.9e-213	740.5
aclF_Afu8g06780	CM3249.scaffold_197	26.98	378	225	51	9	356	12951	14012	1.1e-11	70.3
aclF_Afu8g06780	CM3249.scaffold_163	29.41	289	162	42	28	292	52958	52149	4.2e-09	61.9
aclF_Afu8g06780	CM3249.scaffold_349	27.50	360	192	69	1	344	20043	20948	7.6e-09	60.0
aclF_Afu8g06780	CM3249.scaffold_52	25.57	309	203	27	31	335	4229	5083	1.1e-08	61.4
aclF_Afu8g06780	CM3249.scaffold_382	29.44	197	109	30	39	224	21252	20722	3.5e-08	57.6
aclF_Afu8g06780	CM3249.scaffold_297	28.00	225	139	23	26	238	16551	17189	4.1e-08	57.8
aclF_Afu8g06780	CM3249.scaffold_49	27.50	280	170	33	29	299	2737	1979	1.1e-07	58.1
aclF_Afu8g06780	CM3249.scaffold_151	29.76	205	118	26	35	216	41701	42299	2.3e-07	56.2
aclF_Afu8g06780	CM3249.scaffold_41	28.98	283	129	72	39	253	833	10	4.4e-07	56.3
aclF_Afu8g06780	CM3249.scaffold_231	29.64	307	176	40	39	321	37308	38163	5.1e-07	54.6
aclF_Afu8g06780	CM3249.scaffold_371	27.58	330	203	36	49	349	22181	23130	9.1e-07	53.0
aclF_Afu8g06780	CM3249.scaffold_104	28.03	157	104	9	43	197	60041	59595	1.5e-06	53.8
aclF_Afu8g06780	CM3249.scaffold_81	25.55	364	224	47	30	358	20895	21947	3.1e-06	53.0
aclF_Afu8g06780	CM3249.scaffold_413	25.42	299	189	34	38	320	2971	3808	3.4e-06	50.8
aclF_Afu8g06780	CM3249.scaffold_96	30.82	146	80	21	113	249	27031	26633	4e-06	52.4
