hrmAp_Afu5g14900	CM3262.scaffold_25	34.57	350	220	9	11	355	4547	3517	1.9e-39	163.9
aclF_Afu8g06780	CM3262.scaffold_19	100.00	359	0	0	1	359	34016	35089	4.9e-213	740.6
aclF_Afu8g06780	CM3262.scaffold_19	25.84	329	197	47	27	349	49658	50508	9.4e-09	62.0
aclF_Afu8g06780	CM3262.scaffold_19	26.98	378	225	51	9	356	35178	34117	2.8e-11	70.4
aclF_Afu8g06780	CM3262.scaffold_203	29.64	307	176	40	39	321	37307	38162	3.8e-10	64.9
aclF_Afu8g06780	CM3262.scaffold_72	29.41	289	162	42	28	292	38010	38819	6.9e-09	61.9
aclF_Afu8g06780	CM3262.scaffold_324	29.44	197	109	30	39	224	21274	20744	3e-08	57.6
aclF_Afu8g06780	CM3262.scaffold_41	27.50	360	192	69	1	344	85111	84206	3.3e-08	60.1
aclF_Afu8g06780	CM3262.scaffold_41	26.32	209	129	25	29	228	120001	119430	8e-07	55.4
aclF_Afu8g06780	CM3262.scaffold_255	28.00	225	139	23	26	238	16802	16164	5.3e-08	57.3
aclF_Afu8g06780	CM3262.scaffold_13	27.50	280	170	33	29	299	71034	70276	1.3e-07	58.2
aclF_Afu8g06780	CM3262.scaffold_162	29.76	205	118	26	35	216	41755	42353	2e-07	56.2
aclF_Afu8g06780	CM3262.scaffold_277	27.33	333	206	36	49	352	7552	6594	9.6e-07	53.0
aclF_Afu8g06780	CM3262.scaffold_21	26.19	294	173	44	29	301	130107	130910	1.5e-06	54.6
aclF_Afu8g06780	CM3262.scaffold_32	28.25	223	141	19	34	241	105910	105257	1.8e-06	54.4
aclF_Afu8g06780	CM3262.scaffold_352	25.42	299	189	34	38	320	6058	5221	1.9e-06	51.3
aclF_Afu8g06780	CM3262.scaffold_362	23.56	348	232	34	33	352	2749	3771	2.1e-06	51.0
aclF_Afu8g06780	CM3262.scaffold_110	25.55	364	224	47	30	358	65634	64582	2.7e-06	53.0
aclF_Afu8g06780	CM3262.scaffold_178	28.98	283	129	72	39	253	841	18	4.6e-06	51.6
aclF_Afu8g06780	CM3262.scaffold_10	34.10	173	86	28	98	254	33350	33809	4.7e-06	53.0
aclF_Afu8g06780	CM3262.scaffold_465	29.08	141	85	15	35	167	526	130	9.7e-06	47.5
