hrmAp_Afu5g14900	CM4602.scaffold_12	34.67	349	220	8	11	355	143169	144200	7.7e-41	168.5
aclF_Afu8g06780	CM4602.scaffold_20	100.00	359	0	0	1	359	136594	135521	4.8e-213	740.6
aclF_Afu8g06780	CM4602.scaffold_20	25.84	329	197	47	27	349	120952	120102	9.3e-09	62.0
aclF_Afu8g06780	CM4602.scaffold_77	25.57	309	203	27	31	335	39361	40215	2.2e-11	70.1
aclF_Afu8g06780	CM4602.scaffold_20	26.98	378	225	51	9	356	135432	136493	2.7e-11	70.4
aclF_Afu8g06780	CM4602.scaffold_102	33.17	199	105	28	47	236	828	296	5.5e-09	61.9
aclF_Afu8g06780	CM4602.scaffold_32	29.41	289	162	42	28	292	63265	62456	9.3e-09	62.0
aclF_Afu8g06780	CM4602.scaffold_18	27.50	280	170	33	29	299	71030	70272	1.3e-08	61.4
aclF_Afu8g06780	CM4602.scaffold_79	27.50	360	192	69	1	344	78869	77964	2.3e-08	60.0
aclF_Afu8g06780	CM4602.scaffold_339	29.44	197	109	30	39	224	21241	20711	2.9e-08	57.6
aclF_Afu8g06780	CM4602.scaffold_283	28.00	225	139	23	26	238	14499	15137	5.9e-08	57.0
aclF_Afu8g06780	CM4602.scaffold_158	29.76	205	118	26	35	216	42413	43011	2e-07	56.2
aclF_Afu8g06780	CM4602.scaffold_214	29.64	307	176	40	39	321	6194	5339	4.4e-07	54.6
aclF_Afu8g06780	CM4602.scaffold_458	28.47	274	156	40	35	277	2094	1313	5.7e-07	51.8
aclF_Afu8g06780	CM4602.scaffold_328	27.58	330	203	36	49	349	22172	23121	7.7e-07	53.0
aclF_Afu8g06780	CM4602.scaffold_103	25.55	364	224	47	30	358	65620	64568	2.7e-06	53.0
aclF_Afu8g06780	CM4602.scaffold_369	24.22	351	226	40	33	352	10789	9767	2.7e-06	50.8
aclF_Afu8g06780	CM4602.scaffold_67	27.85	237	144	27	29	241	48598	49296	3.4e-06	53.0
aclF_Afu8g06780	CM4602.scaffold_118	30.82	146	80	21	113	249	51349	51747	3.6e-06	52.4
aclF_Afu8g06780	CM4602.scaffold_497	26.98	126	84	8	27	145	3436	3807	7e-06	47.5
