cgnA_Afu5g14910	CM5757.scaffold_339	32.99	97	65	0	11	107	14475	14762	1.1e-12	70.6
hrmAp_Afu5g14900	CM5757.scaffold_63	31.23	349	232	8	11	355	118288	119319	1.2e-32	140.9
aclF_Afu8g06780	CM5757.scaffold_21	95.26	359	1	16	1	359	34881	35906	1.4e-132	473.1
aclF_Afu8g06780	CM5757.scaffold_21	26.52	328	196	45	27	349	54477	55327	1.3e-08	61.4
aclF_Afu8g06780	CM5757.scaffold_21	28.48	330	191	45	54	356	35902	34982	4.1e-13	76.3
aclF_Afu8g06780	CM5757.scaffold_162	26.42	318	204	30	31	335	51838	50945	2.2e-12	72.5
aclF_Afu8g06780	CM5757.scaffold_454	39.87	153	78	14	143	285	2437	2876	1.6e-11	66.5
aclF_Afu8g06780	CM5757.scaffold_65	27.60	279	168	34	28	293	83531	82761	4.8e-09	62.5
aclF_Afu8g06780	CM5757.scaffold_29	33.17	199	105	28	47	236	68392	67860	1e-08	61.7
aclF_Afu8g06780	CM5757.scaffold_40	27.14	280	172	32	29	299	72256	71495	1.5e-08	61.1
aclF_Afu8g06780	CM5757.scaffold_154	27.50	360	192	69	1	344	7066	6161	1.6e-08	59.8
aclF_Afu8g06780	CM5757.scaffold_154	26.32	209	129	25	29	228	41950	41379	3.3e-07	55.4
aclF_Afu8g06780	CM5757.scaffold_361	30.29	307	174	40	39	321	6238	7093	5.8e-08	55.9
aclF_Afu8g06780	CM5757.scaffold_338	27.31	227	142	23	24	238	2162	1518	8.5e-08	55.7
aclF_Afu8g06780	CM5757.scaffold_370	27.21	272	159	39	40	292	1371	629	1.1e-07	54.8
aclF_Afu8g06780	CM5757.scaffold_9	29.44	197	109	30	39	224	189744	190274	1.2e-07	57.6
aclF_Afu8g06780	CM5757.scaffold_127	29.76	205	118	26	35	216	19531	18933	2.2e-07	56.2
aclF_Afu8g06780	CM5757.scaffold_223	27.27	330	204	36	49	349	32641	33590	2.1e-06	52.2
aclF_Afu8g06780	CM5757.scaffold_29	26.07	234	155	18	122	341	67984	68670	2.4e-06	53.8
aclF_Afu8g06780	CM5757.scaffold_104	25.75	365	224	47	30	358	20908	21960	2.6e-06	53.0
aclF_Afu8g06780	CM5757.scaffold_448	26.67	135	92	7	18	145	4981	5382	5.9e-06	48.0
