cgnA_Afu5g14910	CM6126.scaffold_839	31.63	98	64	3	32	128	1	285	8e-09	53.8
cgnA_Afu5g14910	CM6126.scaffold_779	38.74	111	47	21	15	105	332	6	1.3e-07	50.3
hrmAp_Afu5g14900	CM6126.scaffold_208	30.82	292	195	7	67	355	4381	3521	2.5e-25	115.6
aclF_Afu8g06780	CM6126.scaffold_16	95.54	359	0	16	1	359	37372	38397	1.4e-133	476.9
aclF_Afu8g06780	CM6126.scaffold_16	26.52	328	196	45	27	349	52949	53799	1.4e-08	61.7
aclF_Afu8g06780	CM6126.scaffold_16	28.48	330	191	45	54	356	38393	37473	3.8e-13	76.9
aclF_Afu8g06780	CM6126.scaffold_157	26.85	298	188	30	51	335	51741	50912	4.5e-12	72.0
aclF_Afu8g06780	CM6126.scaffold_9	27.60	279	168	34	28	293	24037	23267	8.2e-09	62.5
aclF_Afu8g06780	CM6126.scaffold_12	33.17	199	105	28	47	236	91322	90790	1.4e-08	61.7
aclF_Afu8g06780	CM6126.scaffold_353	40.00	100	54	6	143	242	18783	19061	1.9e-08	58.6
aclF_Afu8g06780	CM6126.scaffold_23	27.14	280	172	32	29	299	81306	82067	2.5e-08	60.9
aclF_Afu8g06780	CM6126.scaffold_41	27.50	360	192	69	1	344	114832	115737	3.6e-08	60.0
aclF_Afu8g06780	CM6126.scaffold_433	30.29	307	174	40	39	321	9065	8210	7.9e-08	55.9
aclF_Afu8g06780	CM6126.scaffold_84	29.44	197	109	30	39	224	28212	28742	1.5e-07	57.6
aclF_Afu8g06780	CM6126.scaffold_473	39.76	83	47	3	169	250	12100	11861	1.6e-07	54.6
aclF_Afu8g06780	CM6126.scaffold_28	26.43	227	144	23	24	238	128713	128069	6e-07	56.3
aclF_Afu8g06780	CM6126.scaffold_22	29.76	205	118	26	35	216	19564	18966	6.2e-07	56.3
aclF_Afu8g06780	CM6126.scaffold_172	26.48	287	181	30	29	301	38237	37434	8.5e-07	54.3
aclF_Afu8g06780	CM6126.scaffold_382	27.03	333	207	36	49	352	19593	20551	8.9e-07	52.9
aclF_Afu8g06780	CM6126.scaffold_639	25.45	220	141	23	34	241	231	848	1.1e-06	49.9
aclF_Afu8g06780	CM6126.scaffold_102	30.82	146	80	21	113	249	52530	52928	4.7e-06	52.4
aclF_Afu8g06780	CM6126.scaffold_12	26.07	234	155	18	122	341	90914	91600	4.9e-06	53.3
aclF_Afu8g06780	CM6126.scaffold_556	27.41	135	91	7	18	145	1659	1258	5.6e-06	48.6
