hrmAp_Afu5g14900	CM7560.scaffold_248	34.57	350	220	9	11	355	30382	31412	3.7e-40	163.9
aclF_Afu8g06780	CM7560.scaffold_16	100.00	359	0	0	1	359	157143	156070	1.1e-213	740.5
aclF_Afu8g06780	CM7560.scaffold_16	26.98	378	225	51	9	356	155981	157042	4.4e-12	70.9
aclF_Afu8g06780	CM7560.scaffold_131	29.41	289	162	42	28	292	3868	4677	1.1e-09	63.8
aclF_Afu8g06780	CM7560.scaffold_107	25.57	309	203	27	31	335	25140	25994	6.5e-09	61.4
aclF_Afu8g06780	CM7560.scaffold_20	33.17	199	105	28	47	236	68364	67832	7.7e-09	62.0
aclF_Afu8g06780	CM7560.scaffold_11	27.50	360	192	69	1	344	184740	183835	1.1e-08	60.0
aclF_Afu8g06780	CM7560.scaffold_34	27.50	280	170	33	29	299	71020	70262	1.1e-08	61.4
aclF_Afu8g06780	CM7560.scaffold_265	28.00	225	139	23	26	238	16813	16175	4.9e-08	57.0
aclF_Afu8g06780	CM7560.scaffold_195	28.35	254	152	30	35	275	45112	44411	6.3e-08	57.3
aclF_Afu8g06780	CM7560.scaffold_165	29.44	197	109	30	39	224	1449	1979	6.4e-08	57.6
aclF_Afu8g06780	CM7560.scaffold_167	29.76	205	118	26	35	216	41707	42305	1.4e-07	56.5
aclF_Afu8g06780	CM7560.scaffold_16	25.84	329	197	47	27	349	141501	140651	1.9e-07	57.3
aclF_Afu8g06780	CM7560.scaffold_207	29.64	307	176	40	39	321	37312	38167	3.9e-07	54.6
aclF_Afu8g06780	CM7560.scaffold_305	27.33	333	206	36	49	352	2215	1257	6.4e-07	53.0
aclF_Afu8g06780	CM7560.scaffold_104	25.55	364	224	47	30	358	20899	21951	2.2e-06	53.0
aclF_Afu8g06780	CM7560.scaffold_18	26.19	294	173	44	29	301	95639	96442	5.5e-06	52.5
