hrmAp_Afu5g14900	COH_371.scaffold_16	31.23	349	232	8	11	355	39225	38194	1.1e-32	140.9
aclF_Afu8g06780	COH_371.scaffold_43	99.72	359	1	0	1	359	144896	143823	2.6e-212	737.6
aclF_Afu8g06780	COH_371.scaffold_43	26.52	328	196	45	27	349	129270	128420	9.3e-09	61.4
aclF_Afu8g06780	COH_371.scaffold_3	26.32	323	202	36	25	335	651592	650705	3.2e-12	72.0
aclF_Afu8g06780	COH_371.scaffold_43	27.93	333	203	37	54	356	143827	144795	4.8e-11	69.0
aclF_Afu8g06780	COH_371.scaffold_170	39.23	130	72	7	143	269	6203	5829	1e-10	64.9
aclF_Afu8g06780	COH_371.scaffold_233	29.30	273	175	18	23	285	1858	2633	3.9e-10	60.2
aclF_Afu8g06780	COH_371.scaffold_44	27.60	279	168	34	28	293	176936	177706	1.5e-09	62.5
aclF_Afu8g06780	COH_371.scaffold_81	33.17	199	105	28	47	236	62932	62400	6.2e-09	61.7
aclF_Afu8g06780	COH_371.scaffold_29	27.50	360	192	69	1	344	179690	178785	2.1e-08	60.1
aclF_Afu8g06780	COH_371.scaffold_5	29.44	197	109	30	39	224	528361	528891	1.2e-07	57.6
aclF_Afu8g06780	COH_371.scaffold_6	27.14	280	172	32	29	299	366676	367437	1.3e-07	57.6
aclF_Afu8g06780	COH_371.scaffold_14	29.76	205	118	26	35	216	383791	383193	3e-07	56.3
aclF_Afu8g06780	COH_371.scaffold_7	30.29	307	174	40	39	321	409165	410020	4e-07	56.0
aclF_Afu8g06780	COH_371.scaffold_13	26.60	203	107	42	37	238	235814	236292	1e-06	54.6
aclF_Afu8g06780	COH_371.scaffold_331	25.00	292	186	33	20	288	936	104	1.1e-06	47.2
aclF_Afu8g06780	COH_371.scaffold_81	36.31	157	80	20	115	254	62437	62877	1.4e-06	53.8
aclF_Afu8g06780	COH_371.scaffold_2	27.27	330	204	36	49	349	561751	562700	2.6e-06	53.3
aclF_Afu8g06780	COH_371.scaffold_4	36.89	103	54	11	28	126	353409	353693	3.2e-06	53.0
aclF_Afu8g06780	COH_371.scaffold_59	37.63	93	41	17	29	115	41995	42237	3.8e-06	52.7
aclF_Afu8g06780	COH_371.scaffold_42	26.48	287	181	30	29	301	95234	94431	5.6e-06	52.2
aclF_Afu8g06780	COH_371.scaffold_144	32.77	119	72	8	34	147	7	347	5.7e-06	50.0
