cgnA_Afu5g14910	COH_400.scaffold_179	37.89	95	59	0	11	105	6232	6513	7.5e-17	83.3
hrmAp_Afu5g14900	COH_400.scaffold_116	34.67	349	220	8	11	355	34134	33103	2.5e-41	168.5
hrmAp_Afu5g14900	COH_400.scaffold_17	32.09	349	229	8	11	355	380674	381705	1.5e-34	146.6
aclF_Afu8g06780	COH_400.scaffold_59	95.26	359	1	16	1	359	150873	149848	3e-133	473.1
aclF_Afu8g06780	COH_400.scaffold_59	100.00	48	0	0	312	359	149988	149848	2.9e-18	93.1
aclF_Afu8g06780	COH_400.scaffold_59	26.52	328	196	45	27	349	131266	130416	1e-08	61.4
aclF_Afu8g06780	COH_400.scaffold_59	28.48	330	191	45	54	356	149852	150772	8.4e-14	76.3
aclF_Afu8g06780	COH_400.scaffold_54	39.87	153	78	14	143	285	197101	197540	1e-10	66.5
aclF_Afu8g06780	COH_400.scaffold_69	26.78	239	150	25	35	258	149545	150226	4.2e-10	59.2
aclF_Afu8g06780	COH_400.scaffold_7	30.29	307	174	40	39	321	166079	166934	4.3e-10	66.0
aclF_Afu8g06780	COH_400.scaffold_51	26.32	323	202	36	25	335	193391	192504	1.1e-09	63.6
aclF_Afu8g06780	COH_400.scaffold_157	29.30	273	175	18	23	285	946	171	2.7e-09	60.3
aclF_Afu8g06780	COH_400.scaffold_41	29.41	289	162	42	28	292	167215	168024	7.7e-09	61.1
aclF_Afu8g06780	COH_400.scaffold_53	33.17	199	105	28	47	236	142978	143510	8.7e-09	61.7
aclF_Afu8g06780	COH_400.scaffold_9	27.14	280	172	32	29	299	208736	207975	1.5e-08	60.9
aclF_Afu8g06780	COH_400.scaffold_23	27.50	360	192	69	1	344	179552	178647	2.7e-08	60.1
aclF_Afu8g06780	COH_400.scaffold_28	29.44	197	109	30	39	224	239175	239705	1.5e-07	57.6
aclF_Afu8g06780	COH_400.scaffold_102	29.76	205	118	26	35	216	51706	52304	2.1e-07	56.2
aclF_Afu8g06780	COH_400.scaffold_26	26.60	203	107	42	37	238	155111	155589	1.2e-06	54.6
aclF_Afu8g06780	COH_400.scaffold_354	25.00	292	186	33	20	288	931	99	2.5e-06	46.2
aclF_Afu8g06780	COH_400.scaffold_53	36.31	157	80	20	115	254	143473	143033	2.9e-06	53.3
aclF_Afu8g06780	COH_400.scaffold_64	37.63	93	41	17	29	115	119646	119404	4.3e-06	52.7
aclF_Afu8g06780	COH_400.scaffold_9	26.14	241	153	25	39	265	401605	402285	6.2e-06	52.2
aclF_Afu8g06780	COH_400.scaffold_58	26.48	287	181	30	29	301	95681	96484	6.2e-06	52.2
aclF_Afu8g06780	COH_400.scaffold_55	36.89	103	54	11	28	126	95135	94851	7.5e-06	51.9
