cgnA_Afu5g14910	COH_880.scaffold_68	65.71	175	28	32	1	143	74670	74151	4e-34	144.4
hrmAp_Afu5g14900	COH_880.scaffold_68	95.01	381	0	19	1	362	72054	73189	3.7e-138	491.3
hrmAp_Afu5g14900	COH_880.scaffold_88	34.67	349	220	8	11	355	65776	64745	3.9e-41	168.5
hrmAp_Afu5g14900	COH_880.scaffold_20	30.66	349	234	8	11	355	4679	3648	1.8e-30	133.6
aclF_Afu8g06780	COH_880.scaffold_25	100.00	359	0	0	1	359	171408	172481	3.4e-213	740.6
aclF_Afu8g06780	COH_880.scaffold_25	27.75	346	208	42	35	356	172477	171509	2.8e-11	69.8
aclF_Afu8g06780	COH_880.scaffold_35	30.29	307	174	40	39	321	219107	219962	2.5e-10	66.0
aclF_Afu8g06780	COH_880.scaffold_36	28.92	287	166	38	28	292	77633	76824	3e-09	63.0
aclF_Afu8g06780	COH_880.scaffold_23	31.68	202	100	38	29	218	210088	209570	7.8e-09	61.7
aclF_Afu8g06780	COH_880.scaffold_114	26.06	330	196	48	1	300	62209	63127	8.4e-09	60.6
aclF_Afu8g06780	COH_880.scaffold_2	27.14	280	172	32	29	299	537777	538538	1.1e-08	61.1
aclF_Afu8g06780	COH_880.scaffold_71	25.77	291	172	44	22	281	61581	60755	1.3e-07	57.6
aclF_Afu8g06780	COH_880.scaffold_97	29.76	205	118	26	35	216	30819	31417	2.2e-07	56.2
aclF_Afu8g06780	COH_880.scaffold_2	26.43	227	144	23	24	238	40828	40184	3.3e-07	56.3
aclF_Afu8g06780	COH_880.scaffold_157	28.82	340	196	46	49	357	22185	23136	5.4e-07	53.2
aclF_Afu8g06780	COH_880.scaffold_13	26.60	203	107	42	37	238	212560	212082	1e-06	54.6
aclF_Afu8g06780	COH_880.scaffold_332	25.00	292	186	33	20	288	939	107	2.3e-06	46.2
aclF_Afu8g06780	COH_880.scaffold_23	28.87	239	146	24	122	341	209733	210419	2.6e-06	53.3
aclF_Afu8g06780	COH_880.scaffold_5	37.63	93	41	17	29	115	415753	415995	3.8e-06	52.7
aclF_Afu8g06780	COH_880.scaffold_17	30.82	146	80	21	113	249	298829	298431	4.6e-06	52.5
aclF_Afu8g06780	COH_880.scaffold_7	26.48	287	181	30	29	301	240929	241732	5.6e-06	52.2
aclF_Afu8g06780	COH_880.scaffold_33	36.89	103	54	11	28	126	12254	12538	6.8e-06	51.9
