cgnA_Afu5g14910	F12041.scaffold_173	31.93	119	77	4	22	140	9652	9311	1.3e-12	69.5
aclF_Afu8g06780	F12041.scaffold_16	100.00	359	0	0	1	359	38458	39531	3.1e-213	740.6
aclF_Afu8g06780	F12041.scaffold_1	28.74	348	203	45	29	350	226141	227108	3.5e-14	79.3
aclF_Afu8g06780	F12041.scaffold_16	27.75	346	208	42	35	356	39527	38559	1.7e-11	70.4
aclF_Afu8g06780	F12041.scaffold_101	30.29	307	174	40	39	321	64112	64967	3.1e-10	65.5
aclF_Afu8g06780	F12041.scaffold_50	27.60	279	168	34	28	293	115535	116305	5.9e-09	62.0
aclF_Afu8g06780	F12041.scaffold_23	33.17	199	105	28	47	236	188085	187553	7.2e-09	61.7
aclF_Afu8g06780	F12041.scaffold_160	29.74	195	124	13	81	271	4412	3858	1.2e-08	58.1
aclF_Afu8g06780	F12041.scaffold_8	27.50	360	192	69	1	344	332165	331260	1.5e-08	60.6
aclF_Afu8g06780	F12041.scaffold_17	27.14	280	172	32	29	299	368227	368988	7.5e-08	57.6
aclF_Afu8g06780	F12041.scaffold_61	29.44	197	109	30	39	224	95353	95883	1.2e-07	57.6
aclF_Afu8g06780	F12041.scaffold_32	29.95	207	115	30	35	216	52117	51519	3.7e-07	56.0
aclF_Afu8g06780	F12041.scaffold_23	26.07	234	155	18	122	341	187677	188363	2.4e-06	53.3
aclF_Afu8g06780	F12041.scaffold_29	36.89	103	54	11	28	126	145992	145708	2.9e-06	53.0
aclF_Afu8g06780	F12041.scaffold_81	35.16	91	48	11	29	114	115929	115678	3.3e-06	52.5
aclF_Afu8g06780	F12041.scaffold_8	26.13	287	182	30	29	301	55538	56341	5.2e-06	52.2
