hrmAp_Afu5g14900	F12636.scaffold_3	34.67	349	220	8	11	355	517842	518873	4.4e-41	168.5
aclF_Afu8g06780	F12636.scaffold_54	100.00	359	0	0	1	359	38455	39528	2.8e-213	740.6
aclF_Afu8g06780	F12636.scaffold_54	26.52	328	196	45	27	349	54078	54928	7.8e-09	61.4
aclF_Afu8g06780	F12636.scaffold_54	27.75	346	208	42	35	356	39524	38556	1.6e-11	70.4
aclF_Afu8g06780	F12636.scaffold_162	30.29	307	174	40	39	321	19964	19109	5.7e-11	66.0
aclF_Afu8g06780	F12636.scaffold_62	27.60	279	168	34	28	293	45423	44653	1.4e-09	63.9
aclF_Afu8g06780	F12636.scaffold_171	34.44	180	96	22	129	291	4419	3904	5.1e-09	59.2
aclF_Afu8g06780	F12636.scaffold_7	33.17	199	105	28	47	236	160988	161520	6.4e-09	61.7
aclF_Afu8g06780	F12636.scaffold_5	27.50	360	192	69	1	344	378404	379309	1.4e-08	60.6
aclF_Afu8g06780	F12636.scaffold_14	27.14	280	172	32	29	299	365425	366186	6.5e-08	57.6
aclF_Afu8g06780	F12636.scaffold_46	29.44	197	109	30	39	224	61609	61079	1.1e-07	57.6
aclF_Afu8g06780	F12636.scaffold_171	30.04	273	141	50	4	265	3746	4428	1.2e-07	54.6
aclF_Afu8g06780	F12636.scaffold_56	29.76	205	118	26	35	216	59950	59352	2.8e-07	56.3
aclF_Afu8g06780	F12636.scaffold_82	26.13	287	182	30	29	301	24689	25492	7.9e-07	54.4
aclF_Afu8g06780	F12636.scaffold_16	26.60	203	107	42	37	238	158569	158091	8.5e-07	54.6
aclF_Afu8g06780	F12636.scaffold_88	36.89	103	54	11	28	126	1006	722	1.8e-06	53.0
aclF_Afu8g06780	F12636.scaffold_7	26.07	234	155	18	122	341	161396	160710	2.2e-06	53.3
aclF_Afu8g06780	F12636.scaffold_81	35.16	91	48	11	29	114	117268	117017	3e-06	52.5
aclF_Afu8g06780	F12636.scaffold_208	24.00	250	162	28	37	266	2316	1598	8.2e-06	47.2
