cgnA_Afu5g14910	F13535.scaffold_179	31.93	119	77	4	22	140	9652	9311	1.2e-12	69.5
aclF_Afu8g06780	F13535.scaffold_57	100.00	359	0	0	1	359	139892	138819	3e-213	740.6
aclF_Afu8g06780	F13535.scaffold_57	26.52	328	196	45	27	349	124269	123419	8.4e-09	61.4
aclF_Afu8g06780	F13535.scaffold_11	28.74	348	203	45	29	350	226142	227109	1.6e-14	80.4
aclF_Afu8g06780	F13535.scaffold_57	27.75	346	208	42	35	356	138823	139791	2.5e-11	69.8
aclF_Afu8g06780	F13535.scaffold_50	27.60	279	168	34	28	293	87555	86785	1.5e-09	63.9
aclF_Afu8g06780	F13535.scaffold_20	33.17	199	105	28	47	236	188038	187506	6.9e-09	61.7
aclF_Afu8g06780	F13535.scaffold_15	27.14	280	172	32	29	299	23183	22422	1e-08	61.1
aclF_Afu8g06780	F13535.scaffold_166	29.74	195	124	13	81	271	4412	3858	1.2e-08	58.1
aclF_Afu8g06780	F13535.scaffold_7	27.50	360	192	69	1	344	332167	331262	1.5e-08	60.6
aclF_Afu8g06780	F13535.scaffold_64	29.44	197	109	30	39	224	61635	61105	1.2e-07	57.6
aclF_Afu8g06780	F13535.scaffold_102	30.29	307	174	40	39	321	64114	64969	2.2e-07	56.0
aclF_Afu8g06780	F13535.scaffold_29	29.95	207	115	30	35	216	51442	50844	3.6e-07	56.0
aclF_Afu8g06780	F13535.scaffold_20	26.07	234	155	18	122	341	187630	188316	1.6e-06	53.8
aclF_Afu8g06780	F13535.scaffold_31	36.89	103	54	11	28	126	160855	161139	2.3e-06	53.0
aclF_Afu8g06780	F13535.scaffold_82	35.16	91	48	11	29	114	21	272	3.2e-06	52.5
aclF_Afu8g06780	F13535.scaffold_7	26.13	287	182	30	29	301	55538	56341	5e-06	52.2
