cgnA_Afu5g14910	F13619.scaffold_20	41.25	80	44	3	19	97	311894	311666	2.6e-09	59.8
cgnA_Afu5g14910	F13619.scaffold_20	28.71	101	71	1	11	110	317238	317535	1.4e-08	57.4
hrmAp_Afu5g14900	F13619.scaffold_48	34.67	349	220	8	11	355	80027	81058	5.5e-41	168.8
aclF_Afu8g06780	F13619.scaffold_20	100.00	359	0	0	1	359	137949	136876	4.2e-213	740.6
aclF_Afu8g06780	F13619.scaffold_20	28.27	336	198	43	54	356	136880	137848	2.4e-11	70.4
aclF_Afu8g06780	F13619.scaffold_71	30.29	307	174	40	39	321	114266	115121	1.7e-10	67.4
aclF_Afu8g06780	F13619.scaffold_62	27.08	277	172	30	28	293	42843	42073	2.6e-09	63.6
aclF_Afu8g06780	F13619.scaffold_176	34.44	180	96	22	129	291	4410	3895	7.7e-09	59.2
aclF_Afu8g06780	F13619.scaffold_21	33.17	199	105	28	47	236	276900	276368	9.6e-09	61.7
aclF_Afu8g06780	F13619.scaffold_13	27.50	360	192	69	1	344	11459	10554	2e-08	60.6
aclF_Afu8g06780	F13619.scaffold_5	27.14	280	172	32	29	299	473587	474348	1.6e-07	57.6
aclF_Afu8g06780	F13619.scaffold_64	29.44	197	109	30	39	224	61606	61076	1.6e-07	57.6
aclF_Afu8g06780	F13619.scaffold_176	30.04	273	141	50	4	265	3737	4419	1.9e-07	54.6
aclF_Afu8g06780	F13619.scaffold_112	29.76	205	118	26	35	216	31896	32494	2.2e-07	56.2
aclF_Afu8g06780	F13619.scaffold_132	23.91	297	197	29	37	312	53340	54199	1e-06	53.5
aclF_Afu8g06780	F13619.scaffold_35	28.03	289	150	58	29	316	8392	7700	1.3e-06	54.6
aclF_Afu8g06780	F13619.scaffold_2	26.13	287	182	30	29	301	265434	264631	1.5e-06	54.4
aclF_Afu8g06780	F13619.scaffold_21	26.07	234	155	18	122	341	276492	277178	3.3e-06	53.3
aclF_Afu8g06780	F13619.scaffold_20	30.47	256	131	47	48	267	324926	325641	3.4e-06	50.8
aclF_Afu8g06780	F13619.scaffold_23	36.89	103	54	11	28	126	228471	228187	3.8e-06	53.0
aclF_Afu8g06780	F13619.scaffold_84	35.16	91	48	11	29	114	115930	115679	4.5e-06	52.5
