cgnA_Afu5g14910	F13952.scaffold_186	31.93	119	77	4	22	140	5516	5857	1.3e-12	69.5
aclF_Afu8g06780	F13952.scaffold_12	100.00	359	0	0	1	359	366857	365784	2.3e-213	740.6
aclF_Afu8g06780	F13952.scaffold_12	27.75	346	208	42	35	356	365788	366756	1.9e-11	69.8
aclF_Afu8g06780	F13952.scaffold_51	27.60	279	168	34	28	293	117119	117889	6.1e-09	62.0
aclF_Afu8g06780	F13952.scaffold_19	33.17	199	105	28	47	236	188085	187553	7.4e-09	61.7
aclF_Afu8g06780	F13952.scaffold_13	27.14	280	172	32	29	299	23180	22419	1.1e-08	61.1
aclF_Afu8g06780	F13952.scaffold_169	29.74	195	124	13	81	271	4412	3858	1.2e-08	58.1
aclF_Afu8g06780	F13952.scaffold_2	27.50	360	192	69	1	344	687472	686567	1.6e-08	60.6
aclF_Afu8g06780	F13952.scaffold_59	29.44	197	109	30	39	224	95358	95888	1.2e-07	57.6
aclF_Afu8g06780	F13952.scaffold_103	30.29	307	174	40	39	321	62787	63642	2.3e-07	56.0
aclF_Afu8g06780	F13952.scaffold_30	29.95	207	115	30	35	216	49725	49127	3.8e-07	56.0
aclF_Afu8g06780	F13952.scaffold_8	26.60	203	107	42	37	238	214054	213576	9.8e-07	54.6
aclF_Afu8g06780	F13952.scaffold_19	26.07	234	155	18	122	341	187677	188363	2.5e-06	53.3
aclF_Afu8g06780	F13952.scaffold_27	36.89	103	54	11	28	126	146089	145805	3e-06	53.0
aclF_Afu8g06780	F13952.scaffold_23	27.58	330	203	36	49	349	19328	18379	4.4e-06	52.5
aclF_Afu8g06780	F13952.scaffold_217	24.00	250	162	28	37	266	6331	7049	8.4e-06	47.2
