hrmAp_Afu5g14900	F15390.scaffold_16	34.67	349	220	8	11	355	279074	278043	6.7e-41	168.5
aclF_Afu8g06780	F15390.scaffold_61	100.00	359	0	0	1	359	38400	39473	4.2e-213	740.6
aclF_Afu8g06780	F15390.scaffold_61	27.75	346	208	42	35	356	39469	38501	3.5e-11	69.8
aclF_Afu8g06780	F15390.scaffold_206	31.48	216	127	21	81	291	16651	17243	5.3e-09	59.7
aclF_Afu8g06780	F15390.scaffold_45	27.60	279	168	34	28	293	77699	76929	8.1e-09	62.0
aclF_Afu8g06780	F15390.scaffold_29	27.14	280	172	32	29	299	210657	209896	8.4e-09	61.1
aclF_Afu8g06780	F15390.scaffold_12	33.17	199	105	28	47	236	56677	57209	9.7e-09	61.7
aclF_Afu8g06780	F15390.scaffold_82	27.50	360	192	69	1	344	9856	10761	1.6e-08	60.6
aclF_Afu8g06780	F15390.scaffold_30	29.44	197	109	30	39	224	207266	207796	8.6e-08	57.6
aclF_Afu8g06780	F15390.scaffold_74	30.29	307	174	40	39	321	20298	19443	3.7e-07	56.3
aclF_Afu8g06780	F15390.scaffold_206	30.77	273	151	38	4	265	17401	16683	4e-07	53.5
aclF_Afu8g06780	F15390.scaffold_24	29.95	207	115	30	35	216	30750	30152	5.1e-07	56.0
aclF_Afu8g06780	F15390.scaffold_207	35.16	91	48	11	29	114	20559	20308	8.3e-07	52.4
aclF_Afu8g06780	F15390.scaffold_16	28.03	289	150	58	29	316	158622	157930	1.3e-06	54.6
aclF_Afu8g06780	F15390.scaffold_31	36.89	103	54	11	28	126	154774	154490	1.9e-06	53.0
aclF_Afu8g06780	F15390.scaffold_105	25.27	364	225	47	30	358	4334	3282	2.5e-06	53.0
aclF_Afu8g06780	F15390.scaffold_12	26.07	234	155	18	122	341	57085	56399	3.3e-06	53.3
aclF_Afu8g06780	F15390.scaffold_56	26.32	209	129	25	29	228	151639	152210	7.1e-06	49.7
