hrmAp_Afu5g14900	F15767.scaffold_50	31.23	349	232	8	11	355	118411	119442	1.8e-32	140.9
aclF_Afu8g06780	F15767.scaffold_32	100.00	359	0	0	1	359	34865	35938	6.3e-213	740.6
aclF_Afu8g06780	F15767.scaffold_32	26.52	328	196	45	27	349	50487	51337	1.8e-08	61.4
aclF_Afu8g06780	F15767.scaffold_29	26.32	323	202	36	25	335	121868	120981	1.2e-11	72.0
aclF_Afu8g06780	F15767.scaffold_32	27.75	346	208	42	35	356	35934	34966	5.2e-11	69.8
aclF_Afu8g06780	F15767.scaffold_289	30.29	307	174	40	39	321	25629	24774	1.6e-10	66.0
aclF_Afu8g06780	F15767.scaffold_127	27.14	280	172	32	29	299	24707	23946	1e-08	61.1
aclF_Afu8g06780	F15767.scaffold_34	33.17	199	105	28	47	236	65311	64779	1.4e-08	61.7
aclF_Afu8g06780	F15767.scaffold_65	27.50	360	192	69	1	344	99551	100456	3.3e-08	60.0
aclF_Afu8g06780	F15767.scaffold_112	29.41	289	162	42	28	292	24060	23251	6.3e-08	58.7
aclF_Afu8g06780	F15767.scaffold_174	29.76	205	118	26	35	216	24273	23675	2.4e-07	56.2
aclF_Afu8g06780	F15767.scaffold_18	29.44	197	109	30	39	224	21183	20653	2.5e-07	57.6
aclF_Afu8g06780	F15767.scaffold_388	36.89	103	54	11	28	126	5072	4788	7.4e-07	52.9
aclF_Afu8g06780	F15767.scaffold_381	27.03	333	207	36	49	352	7558	6600	8e-07	52.9
aclF_Afu8g06780	F15767.scaffold_653	24.83	290	198	20	54	336	3	818	1.5e-06	48.8
aclF_Afu8g06780	F15767.scaffold_53	26.48	287	181	30	29	301	95331	94528	1.9e-06	54.4
aclF_Afu8g06780	F15767.scaffold_184	25.27	364	225	47	30	358	33178	34230	2.2e-06	53.0
aclF_Afu8g06780	F15767.scaffold_34	26.07	234	155	18	122	341	64903	65589	3.3e-06	53.8
