cgnA_Afu5g14910	F16134.scaffold_173	37.89	95	59	0	11	105	6668	6949	7e-17	83.3
hrmAp_Afu5g14900	F16134.scaffold_135	31.23	349	232	8	11	355	28304	27273	3e-33	140.8
aclF_Afu8g06780	F16134.scaffold_2	95.26	359	1	16	1	359	58360	59385	1.3e-133	476.1
aclF_Afu8g06780	F16134.scaffold_2	26.52	328	196	45	27	349	77956	78806	8.9e-09	61.4
aclF_Afu8g06780	F16134.scaffold_2	28.48	330	191	45	54	356	59381	58461	2.9e-13	76.3
aclF_Afu8g06780	F16134.scaffold_38	39.87	153	78	14	143	285	246896	247335	1.7e-10	66.6
aclF_Afu8g06780	F16134.scaffold_1	33.17	199	105	28	47	236	895744	896276	7.4e-09	61.7
aclF_Afu8g06780	F16134.scaffold_31	29.41	289	162	42	28	292	78063	77254	1.1e-08	61.1
aclF_Afu8g06780	F16134.scaffold_1	27.14	280	172	32	29	299	542378	543139	1.1e-08	61.1
aclF_Afu8g06780	F16134.scaffold_158	30.45	220	128	25	143	359	16667	17253	1.5e-08	57.6
aclF_Afu8g06780	F16134.scaffold_6	27.50	360	192	69	1	344	110452	111357	2.3e-08	60.1
aclF_Afu8g06780	F16134.scaffold_26	29.44	197	109	30	39	224	63622	63092	1.2e-07	57.6
aclF_Afu8g06780	F16134.scaffold_4	29.76	205	118	26	35	216	383615	383017	3.2e-07	56.3
aclF_Afu8g06780	F16134.scaffold_50	30.29	307	174	40	39	321	25651	24796	3.8e-07	56.0
aclF_Afu8g06780	F16134.scaffold_136	27.27	330	204	36	49	349	19332	18383	8.1e-07	53.0
aclF_Afu8g06780	F16134.scaffold_14	26.60	203	107	42	37	238	18667	19145	9.8e-07	54.6
aclF_Afu8g06780	F16134.scaffold_1	26.07	234	155	18	122	341	896152	895466	2.5e-06	53.3
aclF_Afu8g06780	F16134.scaffold_79	35.16	91	48	11	29	114	24	275	3.4e-06	52.5
aclF_Afu8g06780	F16134.scaffold_37	28.32	173	114	10	29	197	167948	167451	3.8e-06	52.2
aclF_Afu8g06780	F16134.scaffold_6	26.48	287	181	30	29	301	385259	384456	5.3e-06	52.2
aclF_Afu8g06780	F16134.scaffold_30	36.89	103	54	11	28	126	243671	243955	5.9e-06	51.9
