aclF_Afu8g06780	F16216.scaffold_58	100.00	359	0	0	1	359	38454	39527	3.3e-213	740.6
aclF_Afu8g06780	F16216.scaffold_58	26.52	328	196	45	27	349	54077	54927	9.2e-09	61.4
aclF_Afu8g06780	F16216.scaffold_58	27.75	346	208	42	35	356	39523	38555	2.7e-11	69.8
aclF_Afu8g06780	F16216.scaffold_176	27.50	360	192	69	1	344	9836	10741	2.4e-09	60.5
aclF_Afu8g06780	F16216.scaffold_60	27.72	285	160	46	28	293	50678	49908	3e-09	63.0
aclF_Afu8g06780	F16216.scaffold_142	27.14	280	172	32	29	299	17961	18722	3.1e-09	61.1
aclF_Afu8g06780	F16216.scaffold_183	34.44	180	96	22	129	291	963	448	5.1e-09	59.2
aclF_Afu8g06780	F16216.scaffold_8	33.17	199	105	28	47	236	168759	169291	7.6e-09	61.7
aclF_Afu8g06780	F16216.scaffold_183	30.04	273	141	50	4	265	290	972	1.2e-07	54.6
aclF_Afu8g06780	F16216.scaffold_62	29.44	197	109	30	39	224	61608	61078	1.3e-07	57.6
aclF_Afu8g06780	F16216.scaffold_112	29.76	205	118	26	35	216	31896	32494	1.8e-07	56.2
aclF_Afu8g06780	F16216.scaffold_25	30.29	307	174	40	39	321	238846	237991	4e-07	56.0
aclF_Afu8g06780	F16216.scaffold_9	28.03	289	150	58	29	316	211961	211269	1e-06	54.6
aclF_Afu8g06780	F16216.scaffold_6	26.13	287	182	30	29	301	217135	217938	1.2e-06	54.4
aclF_Afu8g06780	F16216.scaffold_8	26.07	234	155	18	122	341	169167	168481	1.8e-06	53.8
aclF_Afu8g06780	F16216.scaffold_82	35.16	91	48	11	29	114	115950	115699	3.6e-06	52.5
aclF_Afu8g06780	F16216.scaffold_29	27.58	330	203	36	49	349	267997	268946	4.6e-06	52.2
aclF_Afu8g06780	F16216.scaffold_31	36.89	103	54	11	28	126	102464	102180	6.7e-06	51.9
aclF_Afu8g06780	F16216.scaffold_209	24.00	250	162	28	37	266	1240	522	8.6e-06	47.2
aclF_Afu8g06780	F16216.scaffold_25	29.34	334	185	51	33	341	85170	84278	9.7e-06	51.4
