hrmAp_Afu5g14900	F16311.scaffold_68	30.82	292	195	7	67	355	41108	41968	2.7e-25	115.6
aclF_Afu8g06780	F16311.scaffold_3	100.00	359	0	0	1	359	742618	741545	2.5e-213	740.6
aclF_Afu8g06780	F16311.scaffold_3	26.52	328	196	45	27	349	726975	726125	5.7e-09	61.7
aclF_Afu8g06780	F16311.scaffold_3	27.75	346	208	42	35	356	741549	742517	2e-11	69.8
aclF_Afu8g06780	F16311.scaffold_12	30.29	307	174	40	39	321	25637	24782	2.8e-10	66.0
aclF_Afu8g06780	F16311.scaffold_80	27.08	277	172	30	28	293	24448	25218	1e-09	63.6
aclF_Afu8g06780	F16311.scaffold_124	28.57	273	177	18	23	285	925	150	1.5e-09	60.5
aclF_Afu8g06780	F16311.scaffold_129	38.94	113	60	9	141	250	2833	2516	1.9e-09	59.7
aclF_Afu8g06780	F16311.scaffold_223	23.86	306	219	14	54	355	1292	420	3.9e-09	55.4
aclF_Afu8g06780	F16311.scaffold_9	33.17	199	105	28	47	236	538161	537629	5.7e-09	61.7
aclF_Afu8g06780	F16311.scaffold_28	27.14	280	172	32	29	299	210502	209741	8.4e-09	61.1
aclF_Afu8g06780	F16311.scaffold_19	27.50	360	192	69	1	344	30497	31402	1.8e-08	60.1
aclF_Afu8g06780	F16311.scaffold_18	29.44	197	109	30	39	224	63622	63092	9.6e-08	57.6
aclF_Afu8g06780	F16311.scaffold_8	26.43	227	144	23	24	238	128713	128069	2.5e-07	56.3
aclF_Afu8g06780	F16311.scaffold_15	29.76	205	118	26	35	216	30746	31344	2.5e-07	56.3
aclF_Afu8g06780	F16311.scaffold_31	26.60	203	107	42	37	238	83367	83845	7.6e-07	54.6
aclF_Afu8g06780	F16311.scaffold_186	34.09	88	47	11	32	114	3	245	1.3e-06	48.3
aclF_Afu8g06780	F16311.scaffold_9	26.07	234	155	18	122	341	537753	538439	2e-06	53.3
aclF_Afu8g06780	F16311.scaffold_10	36.89	103	54	11	28	126	43133	42849	5e-06	51.9
aclF_Afu8g06780	F16311.scaffold_8	26.23	244	155	25	36	265	432690	432001	8.8e-06	51.1
