hrmAp_Afu5g14900	F17582.scaffold_60	34.67	349	220	8	11	355	78577	79608	4.8e-41	168.5
aclF_Afu8g06780	F17582.scaffold_56	100.00	359	0	0	1	359	148371	147298	3.1e-213	740.6
aclF_Afu8g06780	F17582.scaffold_56	27.75	346	208	42	35	356	147302	148270	1.7e-11	70.4
aclF_Afu8g06780	F17582.scaffold_178	27.50	360	192	69	1	344	9866	10771	2.2e-09	60.5
aclF_Afu8g06780	F17582.scaffold_31	27.72	285	160	46	28	293	24067	23297	2.8e-09	63.0
aclF_Afu8g06780	F17582.scaffold_179	27.27	275	181	19	50	314	3593	4381	4.6e-09	59.5
aclF_Afu8g06780	F17582.scaffold_15	33.17	199	105	28	47	236	114942	115474	7.1e-09	61.7
aclF_Afu8g06780	F17582.scaffold_179	31.41	191	120	11	81	271	4396	3860	1.4e-08	57.8
aclF_Afu8g06780	F17582.scaffold_38	29.44	197	109	30	39	224	158517	159047	5.7e-08	57.6
aclF_Afu8g06780	F17582.scaffold_22	27.14	280	172	32	29	299	23184	22423	1.2e-07	57.6
aclF_Afu8g06780	F17582.scaffold_116	29.76	205	118	26	35	216	43955	43357	1.6e-07	56.2
aclF_Afu8g06780	F17582.scaffold_47	30.29	307	174	40	39	321	63460	64315	3e-07	56.3
aclF_Afu8g06780	F17582.scaffold_58	36.89	103	54	11	28	126	161033	161317	7e-07	51.9
aclF_Afu8g06780	F17582.scaffold_10	28.03	289	150	58	29	316	214131	213439	9.4e-07	54.6
aclF_Afu8g06780	F17582.scaffold_37	26.13	287	182	30	29	301	55555	56358	1.1e-06	54.4
aclF_Afu8g06780	F17582.scaffold_144	27.58	330	203	36	49	349	19323	18374	1.5e-06	52.2
aclF_Afu8g06780	F17582.scaffold_15	26.07	234	155	18	122	341	115350	114664	1.6e-06	53.8
aclF_Afu8g06780	F17582.scaffold_50	26.32	209	129	25	29	228	159236	159807	6.6e-06	49.7
aclF_Afu8g06780	F17582.scaffold_144	28.52	284	167	36	8	278	18220	18993	6.9e-06	50.0
aclF_Afu8g06780	F17582.scaffold_227	24.00	250	162	28	37	266	2316	1598	9e-06	47.2
