hrmAp_Afu5g14900	F17729.scaffold_14	31.81	349	230	8	11	355	302211	303242	7.3e-34	144.4
aclF_Afu8g06780	F17729.scaffold_34	95.54	359	0	16	1	359	169865	170890	4.6e-133	473.9
aclF_Afu8g06780	F17729.scaffold_34	26.52	328	196	45	27	349	185442	186292	5.8e-09	61.7
aclF_Afu8g06780	F17729.scaffold_34	28.48	330	191	45	54	356	170886	169966	1.5e-13	76.9
aclF_Afu8g06780	F17729.scaffold_36	33.17	199	105	28	47	236	248261	247729	5.8e-09	61.7
aclF_Afu8g06780	F17729.scaffold_45	38.94	113	60	9	141	250	2833	2516	1e-08	60.9
aclF_Afu8g06780	F17729.scaffold_58	27.50	360	192	69	1	344	30472	29567	1.8e-08	60.1
aclF_Afu8g06780	F17729.scaffold_20	29.41	289	162	42	28	292	75089	74280	4.6e-08	58.7
aclF_Afu8g06780	F17729.scaffold_48	29.44	197	109	30	39	224	61612	61082	9.7e-08	57.6
aclF_Afu8g06780	F17729.scaffold_19	27.14	280	172	32	29	299	302216	301455	1.1e-07	57.1
aclF_Afu8g06780	F17729.scaffold_1	29.76	205	118	26	35	216	954051	953453	2.5e-07	56.3
aclF_Afu8g06780	F17729.scaffold_16	30.29	307	174	40	39	321	406866	407721	2.7e-07	56.0
aclF_Afu8g06780	F17729.scaffold_31	27.31	227	142	23	24	238	214889	215533	3.6e-07	55.7
aclF_Afu8g06780	F17729.scaffold_38	26.60	203	107	42	37	238	211934	211456	7.5e-07	54.6
aclF_Afu8g06780	F17729.scaffold_36	26.07	234	155	18	122	341	247853	248539	2e-06	53.3
aclF_Afu8g06780	F17729.scaffold_1	36.89	103	54	11	28	126	99261	99545	2.4e-06	53.0
aclF_Afu8g06780	F17729.scaffold_11	26.48	287	181	30	29	301	95207	94404	4.2e-06	52.2
aclF_Afu8g06780	F17729.scaffold_109	28.38	148	79	27	33	166	12790	12391	7.6e-06	49.7
