hrmAp_Afu5g14900	F18085.scaffold_7	30.82	292	195	7	67	355	383241	384101	3.6e-25	115.7
aclF_Afu8g06780	F18085.scaffold_31	100.00	359	0	0	1	359	170907	171980	2.8e-213	740.6
aclF_Afu8g06780	F18085.scaffold_31	26.52	328	196	45	27	349	186550	187400	6.4e-09	61.7
aclF_Afu8g06780	F18085.scaffold_31	27.75	346	208	42	35	356	171976	171008	2.3e-11	69.8
aclF_Afu8g06780	F18085.scaffold_77	27.08	277	172	30	28	293	24463	25233	1.1e-09	63.6
aclF_Afu8g06780	F18085.scaffold_130	28.57	273	177	18	23	285	925	150	2e-09	60.3
aclF_Afu8g06780	F18085.scaffold_137	38.94	113	60	9	141	250	2834	2517	2.2e-09	59.7
aclF_Afu8g06780	F18085.scaffold_2	33.17	199	105	28	47	236	956294	955762	4.9e-09	61.7
aclF_Afu8g06780	F18085.scaffold_13	27.14	280	172	32	29	299	210500	209739	9.3e-09	61.1
aclF_Afu8g06780	F18085.scaffold_2	27.50	360	192	69	1	344	30483	31388	2e-08	60.1
aclF_Afu8g06780	F18085.scaffold_11	29.44	197	109	30	39	224	63621	63091	1.1e-07	57.6
aclF_Afu8g06780	F18085.scaffold_24	30.29	307	174	40	39	321	381112	381967	2.4e-07	56.0
aclF_Afu8g06780	F18085.scaffold_14	26.43	227	144	23	24	238	387277	387921	2.7e-07	56.3
aclF_Afu8g06780	F18085.scaffold_10	29.76	205	118	26	35	216	30746	31344	2.7e-07	56.3
aclF_Afu8g06780	F18085.scaffold_21	26.60	203	107	42	37	238	211939	211461	8.4e-07	54.6
aclF_Afu8g06780	F18085.scaffold_97	39.29	84	36	15	35	115	10	222	1.3e-06	52.4
aclF_Afu8g06780	F18085.scaffold_2	26.07	234	155	18	122	341	955886	956572	1.7e-06	53.3
aclF_Afu8g06780	F18085.scaffold_48	36.89	103	54	11	28	126	42915	42631	2.6e-06	53.0
aclF_Afu8g06780	F18085.scaffold_47	26.48	287	181	30	29	301	95207	94404	4.6e-06	52.2
aclF_Afu8g06780	F18085.scaffold_14	26.23	244	155	25	36	265	83296	83985	9.7e-06	51.1
