cgnA_Afu5g14910	F20063.scaffold_854	41.30	138	74	7	10	142	1084	680	5e-23	102.4
hrmAp_Afu5g14900	F20063.scaffold_753	34.67	349	220	8	11	355	1638	607	3.4e-42	168.5
hrmAp_Afu5g14900	F20063.scaffold_664	30.09	349	236	8	11	355	4573	3542	4.1e-30	129.1
aclF_Afu8g06780	F20063.scaffold_369	98.92	185	2	0	1	185	23350	23901	1.1e-109	395.2
aclF_Afu8g06780	F20063.scaffold_928	97.32	149	0	4	211	359	2	433	7e-77	282.1
aclF_Afu8g06780	F20063.scaffold_262	26.32	323	202	36	25	335	3790	4677	3.6e-12	71.9
aclF_Afu8g06780	F20063.scaffold_465	27.08	277	172	30	28	293	8335	9105	5.6e-10	63.5
aclF_Afu8g06780	F20063.scaffold_556	38.94	113	60	9	141	250	5558	5241	5.2e-09	59.7
aclF_Afu8g06780	F20063.scaffold_345	27.50	360	192	69	1	344	3867	2962	7.3e-09	60.5
aclF_Afu8g06780	F20063.scaffold_152	27.14	280	172	32	29	299	10080	9319	1e-08	61.1
aclF_Afu8g06780	F20063.scaffold_443	29.44	197	109	30	39	224	9974	10504	3.9e-08	57.6
aclF_Afu8g06780	F20063.scaffold_820	27.31	227	142	23	24	238	2140	1496	8.6e-08	53.5
aclF_Afu8g06780	F20063.scaffold_429	26.48	287	181	30	29	301	8748	7945	3.8e-07	54.3
aclF_Afu8g06780	F20063.scaffold_315	28.62	283	163	39	47	315	8941	9701	4.2e-07	54.9
aclF_Afu8g06780	F20063.scaffold_57	29.76	205	118	26	35	216	30831	31429	5.1e-07	56.2
aclF_Afu8g06780	F20063.scaffold_883	35.92	142	74	17	115	244	1191	1582	7.9e-07	49.7
aclF_Afu8g06780	F20063.scaffold_541	28.57	273	157	38	35	277	10483	11264	1.1e-06	52.1
aclF_Afu8g06780	F20063.scaffold_36	25.27	364	225	47	30	358	27639	26587	3.9e-06	53.5
aclF_Afu8g06780	F20063.scaffold_854	32.69	156	91	14	142	283	1181	723	6.3e-06	47.0
aclF_Afu8g06780	F20063.scaffold_625	27.23	213	141	14	29	234	3078	2484	8.9e-06	48.6
aclF_Afu8g06780	F20063.scaffold_673	26.67	135	92	7	18	145	1489	1088	1e-05	48.0
