cgnA_Afu5g14910	F20140.scaffold_121	37.89	95	59	0	11	105	17944	17663	1.1e-16	83.4
hrmAp_Afu5g14900	F20140.scaffold_37	32.09	349	229	8	11	355	42872	43903	1.6e-34	146.6
aclF_Afu8g06780	F20140.scaffold_99	100.00	199	0	0	1	199	597	4	2e-119	427.3
aclF_Afu8g06780	F20140.scaffold_88	100.00	150	0	0	210	359	3	449	2.1e-80	298.2
aclF_Afu8g06780	F20140.scaffold_2	26.32	323	202	36	25	335	293505	292618	4.5e-12	72.0
aclF_Afu8g06780	F20140.scaffold_32	27.08	277	172	30	28	293	223370	224140	1.5e-09	63.6
aclF_Afu8g06780	F20140.scaffold_132	38.94	113	60	9	141	250	9925	10242	2.1e-09	59.7
aclF_Afu8g06780	F20140.scaffold_177	25.34	296	195	26	54	336	4386	3553	5.3e-09	56.7
aclF_Afu8g06780	F20140.scaffold_3	33.17	199	105	28	47	236	572184	572716	5.8e-09	61.7
aclF_Afu8g06780	F20140.scaffold_3	27.14	280	172	32	29	299	218786	219547	8.4e-09	61.1
aclF_Afu8g06780	F20140.scaffold_33	27.50	360	192	69	1	344	205439	204534	1.7e-08	60.1
aclF_Afu8g06780	F20140.scaffold_111	29.44	197	109	30	39	224	8425	7895	2.5e-08	57.6
aclF_Afu8g06780	F20140.scaffold_1	29.76	205	118	26	35	216	945790	945192	2.5e-07	56.3
aclF_Afu8g06780	F20140.scaffold_51	27.31	227	142	23	24	238	128732	128088	3.6e-07	55.7
aclF_Afu8g06780	F20140.scaffold_54	27.03	333	207	36	49	352	160123	161081	4.9e-07	53.0
aclF_Afu8g06780	F20140.scaffold_4	26.60	203	107	42	37	238	680534	680056	5.7e-07	54.6
aclF_Afu8g06780	F20140.scaffold_57	26.48	287	181	30	29	301	69189	68386	9.2e-07	54.4
aclF_Afu8g06780	F20140.scaffold_3	26.07	234	155	18	122	341	572592	571906	1.3e-06	53.8
aclF_Afu8g06780	F20140.scaffold_1	36.89	103	54	11	28	126	100149	100433	2.4e-06	53.0
aclF_Afu8g06780	F20140.scaffold_142	27.23	213	141	14	29	234	5915	5321	3.8e-06	48.6
aclF_Afu8g06780	F20140.scaffold_3	26.14	241	153	25	39	265	25835	25155	4.1e-06	52.2
aclF_Afu8g06780	F20140.scaffold_106	28.51	249	151	27	29	268	48745	49426	4.3e-06	50.5
