hrmAp_Afu5g14900	F21732.scaffold_24	30.82	292	195	7	67	355	114414	113554	7.6e-25	115.7
aclF_Afu8g06780	F21732.scaffold_78	100.00	135	0	0	1	135	90223	90624	4.9e-79	294.9
aclF_Afu8g06780	F21732.scaffold_179	100.00	144	0	0	216	359	2	430	2.5e-76	285.1
aclF_Afu8g06780	F21732.scaffold_268	27.14	280	172	32	29	299	5485	4724	4.4e-09	61.1
aclF_Afu8g06780	F21732.scaffold_112	27.50	360	192	69	1	344	46876	47781	1.4e-08	60.6
aclF_Afu8g06780	F21732.scaffold_112	26.32	209	129	25	29	228	11988	12559	5.1e-07	55.4
aclF_Afu8g06780	F21732.scaffold_390	29.44	197	109	30	39	224	9969	10499	2.8e-08	57.6
aclF_Afu8g06780	F21732.scaffold_316	26.48	287	181	30	29	301	10046	10849	3.8e-07	54.3
aclF_Afu8g06780	F21732.scaffold_773	29.45	163	99	16	37	192	1531	1073	3.9e-07	50.2
aclF_Afu8g06780	F21732.scaffold_773	35.92	142	74	17	115	244	1146	1537	5.7e-07	49.7
aclF_Afu8g06780	F21732.scaffold_17	29.76	205	118	26	35	216	129903	130501	5.7e-07	56.3
aclF_Afu8g06780	F21732.scaffold_502	24.36	275	185	23	33	287	2620	1808	1.2e-06	51.3
aclF_Afu8g06780	F21732.scaffold_49	36.89	103	54	11	28	126	92536	92820	4.2e-06	53.0
