cgnA_Afu5g14910	F21857.scaffold_12	31.93	119	77	4	22	140	89475	89816	1.8e-11	69.8
cgnA_Afu5g14910	F21857.scaffold_455	32.95	88	59	0	20	107	792	1052	1.1e-06	50.2
aclF_Afu8g06780	F21857.scaffold_94	100.00	163	0	0	1	163	86305	86790	5.6e-96	351.1
aclF_Afu8g06780	F21857.scaffold_196	97.22	144	0	4	216	359	48279	47863	3.9e-72	271.0
aclF_Afu8g06780	F21857.scaffold_235	27.50	360	192	69	1	344	12650	13555	1.1e-08	60.0
aclF_Afu8g06780	F21857.scaffold_368	29.44	197	109	30	39	224	8154	7624	2.7e-08	57.6
aclF_Afu8g06780	F21857.scaffold_267	27.14	280	172	32	29	299	5332	4571	4.8e-08	57.6
aclF_Afu8g06780	F21857.scaffold_11	29.76	205	118	26	35	216	155480	156078	2e-07	56.2
aclF_Afu8g06780	F21857.scaffold_615	28.57	273	157	38	35	277	1281	500	2.7e-07	52.1
aclF_Afu8g06780	F21857.scaffold_271	26.48	287	181	30	29	301	10195	10998	4.5e-07	54.3
aclF_Afu8g06780	F21857.scaffold_707	37.23	94	54	5	35	126	3	272	5.3e-07	49.9
aclF_Afu8g06780	F21857.scaffold_186	29.13	206	108	38	70	274	24400	24903	5.9e-07	54.6
aclF_Afu8g06780	F21857.scaffold_116	25.27	364	225	47	30	358	39015	37963	2.6e-06	53.0
aclF_Afu8g06780	F21857.scaffold_91	36.89	103	54	11	28	126	22219	21935	3.1e-06	53.0
aclF_Afu8g06780	F21857.scaffold_341	27.32	205	133	16	70	267	16021	16603	4.2e-06	50.5
aclF_Afu8g06780	F21857.scaffold_426	27.23	235	137	34	54	273	736	94	9.9e-06	48.6
