hrmAp_Afu5g14900	F7763.scaffold_80	30.17	348	235	8	11	354	43658	44686	6.8e-31	133.8
hrmAp_Afu5g14900	F7763.scaffold_20	32.71	373	214	37	17	355	271435	272537	2.4e-12	72.8
aclF_Afu8g06780	F7763.scaffold_20	95.54	359	0	16	1	359	222649	221624	4.1e-133	473.9
aclF_Afu8g06780	F7763.scaffold_20	28.48	330	191	45	54	356	221628	222548	1.4e-13	76.9
aclF_Afu8g06780	F7763.scaffold_67	30.29	307	174	40	39	321	110807	111662	2.5e-10	66.0
aclF_Afu8g06780	F7763.scaffold_6	27.72	285	160	46	28	293	91790	91020	2e-09	63.0
aclF_Afu8g06780	F7763.scaffold_7	33.17	199	105	28	47	236	146134	145602	5.2e-09	61.7
aclF_Afu8g06780	F7763.scaffold_7	27.50	280	171	32	29	299	497630	496869	1.6e-08	60.1
aclF_Afu8g06780	F7763.scaffold_15	27.50	360	192	69	1	344	384199	383294	1.9e-08	59.8
aclF_Afu8g06780	F7763.scaffold_178	27.50	240	139	35	13	227	617	1293	8.3e-08	51.8
aclF_Afu8g06780	F7763.scaffold_29	29.44	197	109	30	39	224	271505	272035	8.7e-08	57.6
aclF_Afu8g06780	F7763.scaffold_28	29.76	205	118	26	35	216	51803	51205	2.2e-07	56.3
aclF_Afu8g06780	F7763.scaffold_22	27.31	227	142	23	24	238	400256	400900	2.7e-07	55.4
aclF_Afu8g06780	F7763.scaffold_109	30.13	229	141	19	145	357	4719	4051	3.1e-07	53.5
aclF_Afu8g06780	F7763.scaffold_109	25.45	330	196	50	30	344	2357	3238	5.4e-07	52.7
aclF_Afu8g06780	F7763.scaffold_59	26.60	203	107	42	37	238	73091	73569	6.9e-07	54.6
aclF_Afu8g06780	F7763.scaffold_15	26.48	287	181	30	29	301	109483	110286	8.3e-07	54.4
aclF_Afu8g06780	F7763.scaffold_7	26.07	234	155	18	122	341	145726	146412	1.2e-06	53.8
aclF_Afu8g06780	F7763.scaffold_19	36.89	103	54	11	28	126	375186	375470	1.7e-06	53.0
aclF_Afu8g06780	F7763.scaffold_55	37.63	93	40	18	29	115	116387	116148	1.8e-06	53.3
aclF_Afu8g06780	F7763.scaffold_169	36.07	122	71	7	169	284	30	381	1.9e-06	47.5
aclF_Afu8g06780	F7763.scaffold_22	26.14	241	153	25	39	265	83303	83983	3.8e-06	52.2
aclF_Afu8g06780	F7763.scaffold_16	30.97	113	76	2	26	137	455714	455382	4.3e-06	49.2
