cgnA_Afu5g14910	IFM_59361.scaffold_93	66.48	179	20	40	1	139	87383	87908	2e-36	152.5
cgnA_Afu5g14910	IFM_59361.scaffold_315	32.99	97	65	0	11	107	9120	9407	6e-13	71.1
cgnA_Afu5g14910	IFM_59361.scaffold_543	35.16	91	54	5	20	108	704	958	3e-08	52.5
hrmAp_Afu5g14900	IFM_59361.scaffold_93	95.01	381	0	19	1	362	90017	88882	5.2e-138	491.3
hrmAp_Afu5g14900	IFM_59361.scaffold_62	34.67	349	220	8	11	355	4735	3704	9.7e-41	168.5
aclF_Afu8g06780	IFM_59361.scaffold_6	95.54	359	0	16	1	359	131641	130616	1.2e-132	473.9
aclF_Afu8g06780	IFM_59361.scaffold_6	26.52	328	196	45	27	349	116065	115215	1.8e-08	61.4
aclF_Afu8g06780	IFM_59361.scaffold_6	28.48	330	191	45	54	356	130620	131540	4e-13	76.9
aclF_Afu8g06780	IFM_59361.scaffold_269	28.57	273	177	18	23	285	18353	19128	9.4e-10	62.7
aclF_Afu8g06780	IFM_59361.scaffold_52	27.78	324	196	38	25	335	12974	13861	5.8e-09	63.0
aclF_Afu8g06780	IFM_59361.scaffold_317	39.22	153	79	14	143	285	6157	5718	6.9e-09	58.9
aclF_Afu8g06780	IFM_59361.scaffold_63	27.60	279	168	34	28	293	37997	38767	8e-09	62.5
aclF_Afu8g06780	IFM_59361.scaffold_106	33.17	199	105	28	47	236	42419	41887	9.9e-09	61.7
aclF_Afu8g06780	IFM_59361.scaffold_147	27.50	360	192	69	1	344	62299	63204	2.6e-08	59.8
aclF_Afu8g06780	IFM_59361.scaffold_116	30.09	216	119	32	39	235	28222	28827	1.8e-07	57.3
aclF_Afu8g06780	IFM_59361.scaffold_88	27.14	280	172	32	29	299	2810	2049	2.8e-07	57.1
aclF_Afu8g06780	IFM_59361.scaffold_138	29.76	205	118	26	35	216	24265	23667	3.3e-07	56.2
aclF_Afu8g06780	IFM_59361.scaffold_2	27.31	227	142	23	24	238	299994	299350	6.8e-07	55.7
aclF_Afu8g06780	IFM_59361.scaffold_68	30.29	307	174	40	39	321	25638	24783	7e-07	56.0
aclF_Afu8g06780	IFM_59361.scaffold_21	26.60	203	107	42	37	238	158608	158130	9.6e-07	54.6
aclF_Afu8g06780	IFM_59361.scaffold_344	41.23	114	61	6	143	254	4512	4192	2e-06	50.2
aclF_Afu8g06780	IFM_59361.scaffold_32	26.48	287	181	30	29	301	95229	94426	2.4e-06	54.4
aclF_Afu8g06780	IFM_59361.scaffold_106	26.07	234	155	18	122	341	42011	42697	3.4e-06	53.3
aclF_Afu8g06780	IFM_59361.scaffold_117	30.82	146	80	21	113	249	61142	61540	5.4e-06	52.4
aclF_Afu8g06780	IFM_59361.scaffold_85	35.16	91	48	11	29	114	6	257	6.8e-06	52.5
