hrmAp_Afu5g14900	IFM_61118.scaffold_357	31.23	349	232	8	11	355	16391	15360	3.9e-33	140.8
aclF_Afu8g06780	IFM_61118.scaffold_3	95.26	359	1	16	1	359	19802	20827	2.1e-132	473.1
aclF_Afu8g06780	IFM_61118.scaffold_3	26.52	328	196	45	27	349	39398	40248	1.8e-08	61.4
aclF_Afu8g06780	IFM_61118.scaffold_3	28.48	330	191	45	54	356	20823	19903	6e-13	76.3
aclF_Afu8g06780	IFM_61118.scaffold_79	27.80	295	190	23	29	312	53388	54233	1.3e-11	71.2
aclF_Afu8g06780	IFM_61118.scaffold_660	33.80	213	114	27	143	344	2176	2759	3.6e-10	61.9
aclF_Afu8g06780	IFM_61118.scaffold_291	26.32	323	202	36	25	335	12950	13837	9.7e-10	63.5
aclF_Afu8g06780	IFM_61118.scaffold_100	27.08	277	172	30	28	293	53401	54171	2.1e-09	63.6
aclF_Afu8g06780	IFM_61118.scaffold_144	33.17	199	105	28	47	236	5283	4751	6.4e-09	61.7
aclF_Afu8g06780	IFM_61118.scaffold_717	26.47	306	175	50	20	301	1523	703	1.2e-08	56.2
aclF_Afu8g06780	IFM_61118.scaffold_4	27.14	280	172	32	29	299	150857	150096	1.2e-08	61.1
aclF_Afu8g06780	IFM_61118.scaffold_7	27.50	360	192	69	1	344	3662	4567	4.7e-08	60.1
aclF_Afu8g06780	IFM_61118.scaffold_518	30.29	307	174	40	39	321	3276	2421	6e-08	55.9
aclF_Afu8g06780	IFM_61118.scaffold_210	29.44	197	109	30	39	224	19714	19184	8.1e-08	57.6
aclF_Afu8g06780	IFM_61118.scaffold_506	27.21	272	159	39	40	292	10471	11213	1.4e-07	54.8
aclF_Afu8g06780	IFM_61118.scaffold_204	29.76	205	118	26	35	216	16001	15403	2.1e-07	56.2
aclF_Afu8g06780	IFM_61118.scaffold_65	28.90	218	107	48	35	241	96570	96031	5.1e-07	56.0
aclF_Afu8g06780	IFM_61118.scaffold_390	27.27	330	204	36	49	349	19257	18308	9.3e-07	52.9
aclF_Afu8g06780	IFM_61118.scaffold_837	32.98	188	102	24	47	221	533	24	1.3e-06	48.1
aclF_Afu8g06780	IFM_61118.scaffold_29	26.48	287	181	30	29	301	82777	81974	2.1e-06	54.4
aclF_Afu8g06780	IFM_61118.scaffold_144	26.07	234	155	18	122	341	4875	5561	2.2e-06	53.2
aclF_Afu8g06780	IFM_61118.scaffold_176	25.27	364	225	47	30	358	20680	19628	2.3e-06	53.0
aclF_Afu8g06780	IFM_61118.scaffold_334	35.37	147	72	23	9	136	28186	27775	3.1e-06	51.6
aclF_Afu8g06780	IFM_61118.scaffold_215	36.89	103	54	11	28	126	12230	12514	4.1e-06	51.9
aclF_Afu8g06780	IFM_61118.scaffold_660	27.80	205	128	20	96	291	2885	2307	6.3e-06	47.8
aclF_Afu8g06780	IFM_61118.scaffold_597	27.23	213	141	14	29	234	2047	2641	6.5e-06	48.6
