cgnA_Afu5g14910	IFM_60237.scaffold_125	66.10	177	20	40	1	137	21802	21283	9.8e-37	152.4
cgnA_Afu5g14910	IFM_60237.scaffold_306	34.88	86	52	4	26	108	684	929	2.2e-07	50.4
hrmAp_Afu5g14900	IFM_60237.scaffold_125	95.01	381	0	19	1	362	19168	20303	2.4e-138	491.3
hrmAp_Afu5g14900	IFM_60237.scaffold_90	34.67	349	220	8	11	355	65171	66202	5.9e-41	168.5
aclF_Afu8g06780	IFM_60237.scaffold_25	95.54	359	0	16	1	359	37464	38489	9.1e-133	473.9
aclF_Afu8g06780	IFM_60237.scaffold_25	28.48	330	191	45	54	356	38485	37565	3.1e-13	76.9
aclF_Afu8g06780	IFM_60237.scaffold_22	27.60	279	168	34	28	293	77570	76800	6.5e-09	62.5
aclF_Afu8g06780	IFM_60237.scaffold_16	27.14	280	172	32	29	299	370959	371720	1e-08	60.8
aclF_Afu8g06780	IFM_60237.scaffold_7	33.17	199	105	28	47	236	420394	419862	1.2e-08	61.7
aclF_Afu8g06780	IFM_60237.scaffold_96	27.50	360	192	69	1	344	7103	6198	2.9e-08	59.8
aclF_Afu8g06780	IFM_60237.scaffold_100	39.22	153	79	14	143	285	3974	3535	7.2e-08	58.4
aclF_Afu8g06780	IFM_60237.scaffold_34	30.09	216	119	32	39	235	61602	60997	2.3e-07	57.3
aclF_Afu8g06780	IFM_60237.scaffold_1	29.76	205	118	26	35	216	143359	143957	4.9e-07	56.3
aclF_Afu8g06780	IFM_60237.scaffold_3	30.29	307	174	40	39	321	590497	591352	6e-07	56.0
aclF_Afu8g06780	IFM_60237.scaffold_3	32.16	171	87	29	28	192	541715	541283	8.7e-07	55.4
aclF_Afu8g06780	IFM_60237.scaffold_7	26.07	234	155	18	122	341	419986	420672	2.7e-06	53.8
aclF_Afu8g06780	IFM_60237.scaffold_24	36.89	103	54	11	28	126	65724	66008	4.7e-06	53.0
aclF_Afu8g06780	IFM_60237.scaffold_42	34.10	173	89	25	35	184	92217	92712	6.9e-06	52.5
