cgnA_Afu5g14910	IFM_62516.scaffold_224	97.70	87	2	0	1	87	43250	43507	1.5e-38	158.3
cgnA_Afu5g14910	IFM_62516.scaffold_273	100.00	58	0	0	52	109	2	172	2.9e-24	110.6
cgnA_Afu5g14910	IFM_62516.scaffold_273	97.14	35	1	0	109	143	321	422	1.1e-11	68.8
cgnA_Afu5g14910	IFM_62516.scaffold_647	38.76	129	77	2	9	137	1082	705	3.8e-20	93.2
cgnA_Afu5g14910	IFM_62516.scaffold_647	50.52	97	41	7	11	102	1364	1099	2e-14	74.2
cgnA_Afu5g14910	IFM_62516.scaffold_827	47.30	74	39	0	13	86	1014	796	4.4e-11	61.7
hrmAp_Afu5g14900	IFM_62516.scaffold_273	95.01	381	0	19	1	362	2519	1384	1.9e-138	491.3
aclF_Afu8g06780	IFM_62516.scaffold_20	95.54	359	0	16	1	359	37649	38674	1.3e-132	473.9
aclF_Afu8g06780	IFM_62516.scaffold_20	26.44	329	195	47	27	349	53223	54073	4.3e-09	63.6
aclF_Afu8g06780	IFM_62516.scaffold_20	28.48	330	191	45	54	356	38670	37750	4.3e-13	76.9
aclF_Afu8g06780	IFM_62516.scaffold_281	30.29	307	174	40	39	321	7604	8459	1.8e-10	66.0
aclF_Afu8g06780	IFM_62516.scaffold_61	27.60	279	168	34	28	293	24038	23268	1.7e-09	64.4
aclF_Afu8g06780	IFM_62516.scaffold_86	27.78	324	196	38	25	335	71579	70692	3.6e-09	63.0
aclF_Afu8g06780	IFM_62516.scaffold_576	39.22	153	79	14	143	285	2189	2628	4e-09	58.9
aclF_Afu8g06780	IFM_62516.scaffold_309	27.50	360	192	69	1	344	7114	6209	1e-08	60.0
aclF_Afu8g06780	IFM_62516.scaffold_43	33.17	199	105	28	47	236	62823	62291	1.3e-08	61.7
aclF_Afu8g06780	IFM_62516.scaffold_46	27.14	280	172	32	29	299	110429	111190	1.8e-08	61.1
aclF_Afu8g06780	IFM_62516.scaffold_206	29.44	197	109	30	39	224	28211	28741	8.8e-08	57.6
aclF_Afu8g06780	IFM_62516.scaffold_115	30.24	205	117	26	35	216	48588	49186	1.1e-07	57.9
aclF_Afu8g06780	IFM_62516.scaffold_459	27.21	272	159	39	40	292	2753	2011	1.7e-07	54.8
aclF_Afu8g06780	IFM_62516.scaffold_6	26.60	203	107	42	37	238	158695	158217	8.5e-07	54.6
aclF_Afu8g06780	IFM_62516.scaffold_503	29.00	200	124	18	168	357	5206	5774	9.7e-07	51.8
aclF_Afu8g06780	IFM_62516.scaffold_11	27.31	227	142	23	24	238	67304	67948	1e-06	55.7
aclF_Afu8g06780	IFM_62516.scaffold_647	29.73	222	141	15	127	344	1582	963	1.2e-06	49.7
aclF_Afu8g06780	IFM_62516.scaffold_169	36.89	103	54	11	28	126	12207	12491	2.5e-06	53.0
aclF_Afu8g06780	IFM_62516.scaffold_210	37.63	93	41	17	29	115	9665	9907	2.5e-06	52.7
aclF_Afu8g06780	IFM_62516.scaffold_43	26.07	234	155	18	122	341	62415	63101	4.4e-06	53.3
aclF_Afu8g06780	IFM_62516.scaffold_442	24.39	369	235	44	21	356	4490	5552	6.8e-06	49.7
aclF_Afu8g06780	IFM_62516.scaffold_384	26.32	209	129	25	29	228	11488	10917	9.5e-06	49.7
