aclF_Afu8g06780	SF1S5.scaffold_52	100.00	194	0	0	1	194	582	4	4.7e-116	417.5
aclF_Afu8g06780	SF1S5.scaffold_100	100.00	148	0	0	212	359	82803	82363	3.7e-79	294.1
aclF_Afu8g06780	SF1S5.scaffold_15	28.74	348	203	45	29	350	214359	213392	3.1e-14	79.3
aclF_Afu8g06780	SF1S5.scaffold_3	26.32	323	202	36	25	335	460579	461466	4.9e-12	72.0
aclF_Afu8g06780	SF1S5.scaffold_6	27.60	279	168	34	28	293	87265	86495	5.1e-09	62.0
aclF_Afu8g06780	SF1S5.scaffold_24	27.50	360	192	69	1	344	90495	91400	1.3e-08	60.6
aclF_Afu8g06780	SF1S5.scaffold_155	29.44	197	109	30	39	224	8469	7939	2.7e-08	57.6
aclF_Afu8g06780	SF1S5.scaffold_26	27.14	280	172	32	29	299	268639	269400	9.9e-08	57.6
aclF_Afu8g06780	SF1S5.scaffold_40	29.95	207	115	30	35	216	164316	164914	1.5e-07	56.0
aclF_Afu8g06780	SF1S5.scaffold_122	27.31	227	142	23	24	238	53328	53972	1.8e-07	55.4
aclF_Afu8g06780	SF1S5.scaffold_75	26.13	287	182	30	29	301	69118	68315	8.3e-07	54.4
aclF_Afu8g06780	SF1S5.scaffold_6	27.33	333	206	36	49	352	482448	483406	1.3e-06	52.4
aclF_Afu8g06780	SF1S5.scaffold_80	35.16	91	48	11	29	114	118581	118330	2.9e-06	52.5
aclF_Afu8g06780	SF1S5.scaffold_44	36.89	103	54	11	28	126	104528	104812	5.4e-06	51.9
aclF_Afu8g06780	SF1S5.scaffold_211	27.23	213	141	14	29	234	3262	2668	5.5e-06	47.8
